1718853226;292.0;-22.6;16.5;293.3377064361867;
1718853235;292.0;-22.6;16.4;293.3320984903122;
1718853250;292.0;-22.6;16.4;293.3320984903122;
1718853255;292.0;-22.7;16.4;293.3398200417482;
1718853266;291.9;-22.7;16.300001;293.2346952676521;
1718853275;291.9;-22.7;16.300001;293.2346952676521;
1718853285;291.9;-22.7;16.300001;293.2346952676521;
1718853295;291.9;-22.800001;16.2;293.2369119222065;
1718853305;291.80002;-22.9;16.1;293.1396777661589;
1718853315;291.7;-23.1;15.900001;293.04490638364996;
1718853325;291.6;-23.1;15.8;292.93994876633246;
1718853337;291.6;-23.1;15.7;292.93457216792484;
1718853345;291.6;-23.0;15.8;292.9320801236996;
1718853355;291.6;-22.9;15.900001;292.92965633458;
1718853365;291.7;-22.9;15.900001;293.0292086504466;
1718853375;291.7;-22.800001;16.0;293.0268540147255;
1718853386;291.7;-22.800001;16.0;293.0268540147255;
1718853395;291.7;-22.800001;16.0;293.0268540147255;
1718853405;291.7;-22.9;15.900001;293.0292086504466;
1718853415;291.7;-22.9;15.8;293.02379956266026;
1718853425;291.7;-22.9;15.8;293.02379956266026;
1718853435;291.7;-22.9;15.8;293.02379956266026;
1718853445;291.7;-22.9;15.8;293.02379956266026;
1718853455;291.7;-22.9;15.900001;293.0292086504466;
1718853465;291.80002;-22.800001;15.900001;293.12096608126933;
1718853475;291.80002;-22.800001;15.900001;293.12096608126933;
1718853491;291.80002;-22.800001;15.900001;293.12096608126933;
1718853495;291.80002;-22.800001;15.900001;293.12096608126933;
1718853505;291.80002;-22.800001;15.900001;293.12096608126933;
1718853515;291.80002;-22.800001;15.900001;293.12096608126933;
1718853525;291.80002;-22.800001;16.0;293.1264074392148;
1718853536;291.9;-22.7;16.0;293.2181721370711;
1718853545;291.9;-22.7;16.1;293.2236458467979;
1718853555;291.9;-22.7;16.1;293.2236458467979;
1718853565;291.9;-22.6;16.2;293.2214290919565;
1718853576;292.0;-22.6;16.300001;293.3265246351754;
1718853588;292.0;-22.6;16.300001;293.3265246351754;
1718853595;292.0;-22.6;16.300001;293.3265246351754;
1718853605;292.1;-22.5;16.5;293.4295717300386;
1718853615;292.1;-22.5;16.6;293.43521189240164;
1718853625;292.2;-22.4;16.7;293.5327871672627;
1718853637;292.2;-22.4;16.800001;293.5384934810961;
1718853646;292.2;-22.4;16.800001;293.5384934810961;
1718853655;292.2;-22.300001;16.9;293.5366198141829;
1718853665;292.30002;-22.300001;17.0;293.6419431133548;
1718853675;292.30002;-22.300001;17.0;293.6419431133548;
1718853688;292.30002;-22.300001;17.1;293.647749469382;
1718853695;292.30002;-22.300001;17.1;293.647749469382;
1718853706;292.30002;-22.300001;17.1;293.647749469382;
1718853715;292.30002;-22.300001;17.1;293.647749469382;
1718853725;292.4;-22.2;17.2;293.7455301630711;
1718853736;292.4;-22.2;17.2;293.7455301630711;
1718853745;292.4;-22.2;17.300001;293.7514025568817;
1718853755;292.4;-22.2;17.300001;293.7514025568817;
1718853765;292.4;-22.2;17.300001;293.7514025568817;
1718853775;292.4;-22.2;17.300001;293.7514025568817;
1718853788;292.4;-22.2;17.300001;293.7514025568817;
1718853795;292.5;-22.1;17.300001;293.84341077597355;
1718853805;292.5;-22.1;17.4;293.8493151320687;
1718853815;292.5;-22.1;17.4;293.8493151320687;
1718853825;292.5;-22.1;17.4;293.8493151320687;
1718853837;292.5;-22.1;17.4;293.8493151320687;
1718853846;292.4;-22.1;17.4;293.74976839863194;
1718853856;292.4;-22.1;17.4;293.74976839863194;
1718853868;292.4;-22.1;17.4;293.74976839863194;
1718853877;292.4;-22.1;17.4;293.74976839863194;
1718853890;292.4;-22.1;17.4;293.74976839863194;
1718853901;292.4;-22.1;17.4;293.74976839863194;
1718853906;292.4;-22.1;17.4;293.74976839863194;
1718853915;292.4;-22.1;17.4;293.74976839863194;
1718853928;292.4;-22.1;17.4;293.74976839863194;
1718853936;292.4;-22.1;17.4;293.74976839863194;
1718853946;292.4;-22.1;17.4;293.74976839863194;
1718853955;292.4;-22.1;17.4;293.74976839863194;
1718853965;292.4;-22.1;17.4;293.74976839863194;
1718853980;292.4;-22.1;17.4;293.74976839863194;
1718853986;292.4;-22.1;17.4;293.74976839863194;
1718853997;292.30002;-22.1;17.4;293.65025235461974;
1718854012;292.30002;-22.1;17.4;293.65025235461974;
1718854015;292.30002;-22.1;17.4;293.65025235461974;
1718854030;292.30002;-22.1;17.4;293.65025235461974;
1718854041;292.30002;-22.1;17.4;293.65025235461974;
1718854046;292.2;-22.1;17.4;293.55070624574387;
1718854056;292.2;-22.1;17.4;293.55070624574387;
1718854065;292.1;-22.2;17.2;293.4469179013361;
1718854075;292.1;-22.2;17.2;293.4469179013361;
1718854086;292.1;-22.2;17.2;293.4469179013361;
1718854095;292.2;-22.1;17.300001;293.54479588343366;
1718854106;292.2;-22.1;17.300001;293.54479588343366;
1718854115;292.2;-22.1;17.4;293.55070624574387;
1718854125;292.2;-22.0;17.5;293.5491392148667;
1718854135;292.2;-22.0;17.5;293.5491392148667;
1718854145;292.2;-22.0;17.5;293.5491392148667;
1718854156;292.2;-22.0;17.5;293.5491392148667;
1718854165;292.2;-22.0;17.5;293.5491392148667;
1718854175;292.30002;-22.0;17.6;293.65466234639246;
1718854185;292.30002;-22.0;17.6;293.65466234639246;
1718854195;292.2;-22.0;17.6;293.5551177329684;
1718854205;292.2;-22.0;17.6;293.5551177329684;
1718854215;292.2;-22.0;17.6;293.5551177329684;
1718854225;292.2;-22.0;17.6;293.5551177329684;
1718854235;292.2;-22.0;17.6;293.5551177329684;
1718854246;292.2;-22.0;17.6;293.5551177329684;
1718854256;292.2;-22.0;17.6;293.5551177329684;
1718854267;292.2;-22.0;17.6;293.5551177329684;
1718854278;292.2;-22.0;17.6;293.5551177329684;
1718854288;292.2;-21.9;17.6;293.54764030819354;
1718854297;292.2;-21.9;17.6;293.54764030819354;
1718854310;292.1;-21.9;17.5;293.44211277348296;
1718854315;292.0;-22.0;17.5;293.35004687233305;
1718854325;292.0;-22.1;17.4;293.3516149667252;
1718854342;292.0;-22.1;17.4;293.3516149667252;
1718854346;291.9;-22.300001;17.300001;293.26129394689104;
1718854357;291.9;-22.5;17.1;293.2648401186441;
1718854365;291.80002;-22.800001;16.9;293.1769102868213;
1718854392;291.80002;-23.1;16.7;293.1889335038783;
1718854394;291.7;-23.300001;16.5;293.0939050456554;
1718854395;291.7;-23.300001;16.5;293.0939050456554;
1718854405;291.6;-23.5;16.300001;292.9991528944718;
1718854416;291.6;-23.7;16.0;292.9987262698145;
1718854425;291.5;-23.7;15.900001;292.893752159993;
1718854436;291.5;-23.7;15.900001;292.893752159993;
1718854446;291.5;-23.6;15.900001;292.8856774173184;
1718854456;291.5;-23.6;15.900001;292.8856774173184;
1718854466;291.5;-23.6;15.900001;292.8856774173184;
1718854475;291.5;-23.5;15.900001;292.8776365962347;
1718854503;291.5;-23.4;15.900001;292.86962969953595;
1718854511;291.5;-23.300001;16.0;292.8671030575634;
1718854512;291.5;-23.2;16.1;292.86464458463354;
1718854515;291.5;-23.2;16.1;292.86464458463354;
1718854526;291.4;-22.9;16.300001;292.7525515904303;
1718854536;291.4;-22.800001;16.4;292.7503313107331;
1718854545;291.4;-22.6;16.5;292.7404421328108;
1718854662;291.4;-22.5;16.6;292.7383925205847;
1718854665;291.4;-22.5;16.6;292.7383925205847;
1718854670;291.4;-22.4;16.800001;292.74213305268074;
1718854697;291.4;-22.2;16.9;292.7326535661028;
1718854698;291.5;-22.1;17.0;292.8304287755304;
1718854704;291.5;-22.1;17.1;292.8362512222611;
1718854706;291.5;-22.0;17.2;292.8345779211279;
1718854708;291.5;-21.9;17.2;292.82708209715975;
1718854708;291.5;-21.9;17.300001;292.8329729092818;
1718854710;291.5;-21.800001;17.4;292.8314362165051;
1718854713;291.5;-21.800001;17.4;292.8314362165051;
1718854725;291.5;-21.800001;17.4;292.8314362165051;
1718854726;291.5;-21.800001;17.4;292.8314362165051;
1718854734;291.5;-21.800001;17.4;292.8314362165051;
1718854736;291.5;-21.800001;17.4;292.8314362165051;
1718854737;291.5;-21.800001;17.4;292.8314362165051;
1718854737;291.6;-21.800001;17.4;292.93098777048397;
1718854738;291.6;-21.800001;17.4;292.93098777048397;
1718854745;291.6;-21.800001;17.4;292.93098777048397;
1718854755;291.6;-21.800001;17.4;292.93098777048397;
1718854765;291.6;-21.800001;17.4;292.93098777048397;
1718854775;291.6;-21.800001;17.4;292.93098777048397;
1718854785;291.6;-21.800001;17.4;292.93098777048397;
1718854795;291.6;-21.800001;17.4;292.93098777048397;
1718854805;291.6;-21.800001;17.300001;292.92506490408624;
1718854816;291.6;-21.800001;17.300001;292.92506490408624;
1718854826;291.5;-21.800001;17.2;292.81962037428667;
1718854835;291.5;-21.800001;17.1;292.81376344520163;
1718854845;291.5;-21.9;16.9;292.8096138626564;
1718854855;291.4;-22.1;16.800001;292.71933058509177;
1718854865;291.4;-22.2;16.6;292.71548727289854;
