1667174362;43.8;-42.600002;0.6;61.102865139062374;
1667174372;43.8;-42.600002;0.6;61.102865139062374;
1667174381;43.8;-42.600002;0.6;61.102865139062374;
1667174391;43.8;-42.600002;0.6;61.102865139062374;
1667174401;43.8;-42.600002;0.6;61.102865139062374;
1667174411;43.8;-42.600002;0.6;61.102865139062374;
1667174422;43.9;-42.5;0.6;61.10499270927688;
1667174432;43.9;-42.5;0.6;61.10499270927688;
1667174441;43.9;-42.5;0.6;61.10499270927688;
1667174451;43.9;-42.5;0.6;61.10499270927688;
1667174462;43.9;-42.5;0.5;61.10409261229701;
1667174471;43.9;-42.5;0.5;61.10409261229701;
1667174482;43.9;-42.5;0.5;61.10409261229701;
1667174491;43.9;-42.5;0.5;61.10409261229701;
1667174501;43.9;-42.5;0.5;61.10409261229701;
1667174512;43.9;-42.5;0.5;61.10409261229701;
1667174522;43.9;-42.600002;0.5;61.17368984277064;
1667174531;44.0;-42.600002;0.5;61.24549122186326;
1667174542;44.0;-42.7;0.4;61.31435447886407;
1667174554;44.0;-42.600002;0.4;61.2447564695305;
1667174561;44.0;-42.5;0.5;61.17597567673114;
1667174572;44.0;-42.4;0.5;61.106547352919016;
1667174582;44.0;-42.4;0.5;61.106547352919016;
1667174592;44.0;-42.3;0.5;61.03720124199113;
1667174602;44.0;-42.3;0.5;61.03720124199113;
1667174611;44.0;-42.4;0.5;61.106547352919016;
1667174626;44.0;-42.4;0.5;61.106547352919016;
1667174632;44.0;-42.4;0.5;61.106547352919016;
1667174644;44.0;-42.4;0.5;61.106547352919016;
1667174652;44.0;-42.4;0.5;61.106547352919016;
1667174662;44.0;-42.4;0.5;61.106547352919016;
1667174671;44.0;-42.4;0.5;61.106547352919016;
1667174682;44.0;-42.4;0.5;61.106547352919016;
1667174850;44.0;-42.4;0.5;61.106547352919016;
1667174850;44.0;-42.4;0.5;61.106547352919016;
1667174854;44.0;-42.4;0.5;61.106547352919016;
1667174854;44.0;-42.4;0.5;61.106547352919016;
1667174855;44.0;-42.4;0.5;61.106547352919016;
1667174855;44.0;-42.4;0.5;61.106547352919016;
1667174855;44.0;-42.4;0.5;61.106547352919016;
1667174856;44.0;-42.4;0.5;61.106547352919016;
1667174856;44.0;-42.4;0.5;61.106547352919016;
1667174856;44.0;-42.4;0.5;61.106547352919016;
1667174857;44.0;-42.4;0.5;61.106547352919016;
1667174857;44.0;-42.4;0.5;61.106547352919016;
1667174858;44.0;-42.4;0.5;61.106547352919016;
1667174858;44.0;-42.4;0.5;61.106547352919016;
1667174858;44.0;-42.4;0.5;61.106547352919016;
1667174859;44.0;-42.4;0.5;61.106547352919016;
1667174859;44.0;-42.4;0.5;61.106547352919016;
1667174861;44.0;-42.4;0.5;61.106547352919016;
1667174871;44.0;-42.4;0.5;61.106547352919016;
1667174882;44.0;-42.4;0.5;61.106547352919016;
1667174891;44.0;-42.4;0.5;61.106547352919016;
1667174902;44.0;-42.4;0.5;61.106547352919016;
1667174911;44.0;-42.4;0.5;61.106547352919016;
1667174922;44.0;-42.4;0.5;61.106547352919016;
1667174931;44.0;-42.4;0.5;61.106547352919016;
1667174942;44.0;-42.4;0.5;61.106547352919016;
1667174954;44.0;-42.4;0.5;61.106547352919016;
1667174961;44.0;-42.4;0.5;61.106547352919016;
1667174972;44.0;-42.4;0.5;61.106547352919016;
1667174981;44.0;-42.4;0.5;61.106547352919016;
1667174991;44.0;-42.4;0.5;61.106547352919016;
1667175004;44.0;-42.4;0.5;61.106547352919016;
1667175012;44.0;-42.4;0.5;61.106547352919016;
1667175021;44.0;-42.4;0.5;61.106547352919016;
1667175031;44.0;-42.4;0.5;61.106547352919016;
1667175041;44.0;-42.4;0.5;61.106547352919016;
1667175051;44.0;-42.4;0.5;61.106547352919016;
1667175061;44.0;-42.4;0.5;61.106547352919016;
1667175073;44.0;-42.4;0.5;61.106547352919016;
1667175082;44.0;-42.4;0.5;61.106547352919016;
1667175092;44.0;-42.4;0.5;61.106547352919016;
1667175101;44.0;-42.4;0.5;61.106547352919016;
1667175111;44.0;-42.4;0.5;61.106547352919016;
1667175125;44.0;-42.4;0.5;61.106547352919016;
1667175131;44.0;-42.4;0.5;61.106547352919016;
1667175143;44.0;-42.4;0.5;61.106547352919016;
1667175151;44.0;-42.4;0.5;61.106547352919016;
1667175161;44.0;-42.4;0.5;61.106547352919016;
1667175171;44.0;-42.4;0.5;61.106547352919016;
1667175181;44.0;-42.4;0.5;61.106547352919016;
1667175192;44.0;-42.4;0.5;61.106547352919016;
1667175202;44.0;-42.4;0.5;61.106547352919016;
1667175212;44.0;-42.4;0.5;61.106547352919016;
1667175224;44.0;-42.5;0.4;61.175240089473846;
1667175232;44.0;-42.5;0.4;61.175240089473846;
1667175241;44.0;-42.5;0.4;61.175240089473846;
1667175251;44.0;-42.600002;0.4;61.2447564695305;
1667175262;44.0;-42.5;0.4;61.175240089473846;
1667175271;44.0;-42.5;0.4;61.175240089473846;
1667175282;44.0;-42.4;0.4;61.10581092988867;
1667175291;44.100002;-42.4;0.5;61.17859373398769;
1667175301;44.100002;-42.4;0.5;61.17859373398769;
1667175315;44.100002;-42.4;0.5;61.17859373398769;
1667175327;44.0;-42.4;0.4;61.10581092988867;
1667175331;44.0;-42.5;0.4;61.175240089473846;
1667175342;44.0;-42.5;0.4;61.175240089473846;
1667175352;44.0;-42.5;0.4;61.175240089473846;
1667175361;44.0;-42.5;0.4;61.175240089473846;
1667175372;44.0;-42.5;0.4;61.175240089473846;
1667175381;44.0;-42.4;0.4;61.10581092988867;
1667175391;44.100002;-42.4;0.5;61.17859373398769;
1667175402;44.100002;-42.4;0.5;61.17859373398769;
1667175412;44.100002;-42.4;0.5;61.17859373398769;
1667175422;44.100002;-42.4;0.5;61.17859373398769;
1667175431;44.100002;-42.4;0.5;61.17859373398769;
1667175441;44.100002;-42.4;0.5;61.17859373398769;
1667175452;44.100002;-42.4;0.5;61.17859373398769;
1667175461;44.100002;-42.4;0.5;61.17859373398769;
1667175472;44.100002;-42.4;0.5;61.17859373398769;
1667175481;44.100002;-42.4;0.5;61.17859373398769;
1667175491;44.100002;-42.4;0.5;61.17859373398769;
1667175502;44.100002;-42.4;0.5;61.17859373398769;
1667175511;44.100002;-42.4;0.5;61.17859373398769;
1667175521;44.100002;-42.4;0.5;61.17859373398769;
1667175531;44.100002;-42.4;0.5;61.17859373398769;
1667175542;44.100002;-42.4;0.5;61.17859373398769;
1667175551;44.100002;-42.4;0.5;61.17859373398769;
1667175561;44.100002;-42.4;0.5;61.17859373398769;
1667175571;44.100002;-42.4;0.5;61.17859373398769;
1667175581;44.100002;-42.4;0.5;61.17859373398769;
1667175591;44.0;-42.4;0.4;61.10581092988867;
1667175603;44.0;-42.4;0.4;61.10581092988867;
1667175612;43.9;-42.4;0.3;61.03327177346677;
1667175622;43.9;-42.4;0.3;61.03327177346677;
1667175631;43.8;-42.4;0.3;60.96138173112705;
1667175642;43.8;-42.4;0.3;60.96138173112705;
1667175652;43.7;-42.4;0.3;60.88957378798602;
1667175662;43.7;-42.4;0.3;60.88957378798602;
1667175672;43.600002;-42.4;0.3;60.81784548129482;
1667175681;43.5;-42.5;0.2;60.8156229927902;
1667175691;43.5;-42.5;0.2;60.8156229927902;
1667175701;43.4;-42.600002;0.2;60.81414578414148;
1667175711;43.4;-42.7;0.2;60.88423603530321;
1667175724;43.4;-42.8;0.2;60.9544097431832;
1667175739;43.4;-42.9;0.2;61.0246693015857;
1667175748;43.4;-43.0;0.2;61.095009063322706;
1667175751;43.4;-43.100002;0.2;61.1654341090099;
1667175762;43.3;-43.100002;0.2;61.094518012885445;
1667175771;43.3;-43.2;0.2;61.1651044293117;
1667175781;43.3;-43.2;0.2;61.1651044293117;
1667175791;43.3;-43.2;0.2;61.1651044293117;
1667175802;43.3;-43.2;0.2;61.1651044293117;
1667175811;43.3;-43.2;0.3;61.16551315778006;
1667175822;43.3;-43.100002;0.3;61.09492721358087;
1667175832;43.4;-43.100002;0.4;61.16641504737063;
1667175841;43.4;-43.100002;0.4;61.16641504737063;
1667175851;43.5;-43.0;0.5;61.16780198764706;
1667175862;43.5;-43.0;0.5;61.16780198764706;
1667175874;43.5;-42.9;0.5;61.097546030265505;
1667175886;43.600002;-42.9;0.5;61.16878558959119;
1667175900;43.600002;-42.9;0.5;61.16878558959119;
1667175903;43.600002;-42.8;0.5;61.09869175585799;
1667175918;43.600002;-42.8;0.5;61.09869175585799;
1667175954;43.7;-42.7;0.5;61.100164744752846;
1667175954;43.7;-42.7;0.6;61.10106489959524;
1667175955;43.7;-42.7;0.6;61.10106489959524;
1667175955;43.8;-42.7;0.6;61.172624582816;
1667175962;43.8;-42.7;0.6;61.172624582816;
1667175978;43.8;-42.7;0.6;61.172624582816;
1667175990;43.8;-42.7;0.6;61.172624582816;
1667176008;43.8;-42.7;0.6;61.172624582816;
1667176013;43.8;-42.7;0.7;61.17368714001834;
1667176014;43.8;-42.7;0.7;61.17368714001834;
1667176022;43.8;-42.7;0.7;61.17368714001834;
1667176031;43.8;-42.7;0.7;61.17368714001834;
1667176042;43.8;-42.7;0.7;61.17368714001834;
1667176053;43.8;-42.7;0.7;61.17368714001834;
1667176064;43.8;-42.7;0.7;61.17368714001834;
