1717219216;200.90001;-25.6;22.2;203.7376100085468;
1717219225;200.90001;-25.6;22.2;203.7376100085468;
1717219235;200.90001;-25.6;22.2;203.7376100085468;
1717219246;200.90001;-25.6;22.2;203.7376100085468;
1717219256;200.90001;-25.6;22.2;203.7376100085468;
1717219265;200.90001;-25.6;22.2;203.7376100085468;
1717219275;200.90001;-25.6;22.2;203.7376100085468;
1717219285;200.90001;-25.6;22.2;203.7376100085468;
1717219295;200.90001;-25.6;22.2;203.7376100085468;
1717219305;200.90001;-25.7;22.1;203.7393279037334;
1717219315;200.8;-25.9;21.9;203.64444797027352;
1717219326;200.8;-25.9;21.9;203.64444797027352;
1717219335;200.7;-25.9;21.800001;203.53510460154172;
1717219345;200.6;-25.9;21.7;203.42581562348948;
1717219355;200.5;-25.800001;21.7;203.31448569190314;
1717219367;200.40001;-25.7;21.7;203.20320800066207;
1717219375;200.40001;-25.6;21.7;203.19058472792605;
1717219387;200.40001;-25.6;21.7;203.19058472792605;
1717219396;200.2;-25.6;21.7;202.99332213331306;
1717219409;200.1;-25.5;21.7;202.88211472611025;
1717219415;200.0;-25.5;21.5;202.76217595991616;
1717219425;199.90001;-25.5;21.5;202.6635479317344;
1717219435;200.0;-25.4;21.6;202.7602525079825;
1717219448;200.0;-25.4;21.6;202.7602525079825;
1717219455;200.0;-25.4;21.7;202.77092990301372;
1717219465;200.0;-25.300001;21.800001;202.76915472478387;
1717219475;200.0;-25.300001;21.9;202.77993007494288;
1717219487;200.0;-25.300001;21.9;202.77993007494288;
1717219495;200.0;-25.300001;21.9;202.77993007494288;
1717219505;200.0;-25.300001;21.9;202.77993007494288;
1717219515;200.0;-25.300001;21.9;202.77993007494288;
1717219525;200.0;-25.4;21.800001;202.78165605033797;
1717219535;200.0;-25.4;21.800001;202.78165605033797;
1717219547;200.0;-25.4;21.800001;202.78165605033797;
1717219555;200.0;-25.4;21.800001;202.78165605033797;
1717219565;200.0;-25.4;21.800001;202.78165605033797;
1717219588;200.0;-25.4;21.800001;202.78165605033797;
1717219588;200.0;-25.4;21.800001;202.78165605033797;
1717219595;200.0;-25.4;21.800001;202.78165605033797;
1717219605;200.0;-25.4;21.800001;202.78165605033797;
1717219618;200.0;-25.4;21.800001;202.78165605033797;
1717219628;200.1;-25.4;21.800001;202.88029099235973;
1717219635;200.1;-25.5;21.9;202.90360377755397;
1717219645;200.1;-25.5;21.9;202.90360377755397;
1717219655;200.1;-25.5;21.9;202.90360377755397;
1717219666;200.1;-25.5;21.9;202.90360377755397;
1717219679;200.1;-25.5;21.9;202.90360377755397;
1717219685;200.0;-25.5;21.9;202.80498017379065;
1717219706;200.0;-25.5;21.800001;202.79420615465384;
1717219707;200.0;-25.5;21.800001;202.79420615465384;
1717219729;200.0;-25.4;21.800001;202.78165605033797;
1717219738;200.0;-25.4;21.7;202.77092990301372;
1717219739;200.0;-25.4;21.7;202.77092990301372;
1717219746;200.0;-25.4;21.7;202.77092990301372;
1717219755;200.0;-25.4;21.7;202.77092990301372;
1717219770;200.0;-25.4;21.7;202.77092990301372;
1717219793;199.90001;-25.4;21.800001;202.68303750140507;
1717219796;199.90001;-25.4;21.800001;202.68303750140507;
1717219805;199.8;-25.4;21.7;202.5736686571464;
1717219816;199.8;-25.4;21.7;202.5736686571464;
1717219825;199.7;-25.4;21.7;202.4750325221874;
1717219845;199.7;-25.4;21.6;202.46433952236814;
1717219865;199.7;-25.4;21.6;202.46433952236814;
1717219875;199.7;-25.4;21.6;202.46433952236814;
1717219885;199.6;-25.4;21.6;202.3657145704882;
1717219902;199.6;-25.5;21.5;202.36764177240264;
1717219906;199.5;-25.5;21.5;202.2690040515353;
1717219915;199.5;-25.5;21.5;202.2690040515353;
1717219925;199.40001;-25.5;21.4;202.15977254339256;
1717219935;199.40001;-25.5;21.300001;202.1492114747791;
1717219945;199.40001;-25.5;21.300001;202.1492114747791;
1717219955;199.40001;-25.5;21.300001;202.1492114747791;
1717219965;199.40001;-25.5;21.300001;202.1492114747791;
1717219975;199.40001;-25.5;21.300001;202.1492114747791;
1717219985;199.40001;-25.5;21.4;202.15977254339256;
1717219995;199.40001;-25.5;21.5;202.17038272487673;
1717220005;199.5;-25.5;21.5;202.2690040515353;
1717220015;199.5;-25.5;21.4;202.25839904358259;
1717220025;199.6;-25.5;21.4;202.35704193379723;
1717220035;199.6;-25.5;21.4;202.35704193379723;
1717220045;199.6;-25.5;21.4;202.35704193379723;
1717220055;199.7;-25.5;21.5;202.46626578550794;
1717220065;199.7;-25.6;21.5;202.47888482668802;
1717220075;199.7;-25.6;21.5;202.47888482668802;
1717220085;199.8;-25.6;21.5;202.57751908593826;
1717220096;199.8;-25.6;21.5;202.57751908593826;
1717220105;199.8;-25.6;21.5;202.57751908593826;
1717220117;199.8;-25.6;21.5;202.57751908593826;
1717220126;199.7;-25.6;21.4;202.4682908119992;
1717220137;199.8;-25.7;21.4;202.57959236401533;
1717220146;199.8;-25.7;21.4;202.57959236401533;
1717220156;199.8;-25.9;21.300001;202.59452423121934;
1717220168;199.90001;-26.1;21.300001;202.7188045765438;
1717220177;199.90001;-26.4;21.300001;202.75764767053457;
1717220186;199.90001;-26.6;21.2;202.77330621391275;
1717220195;199.90001;-26.7;21.2;202.78644859400248;
1717220205;199.8;-26.800001;21.2;202.70106391721626;
1717220217;199.8;-26.800001;21.2;202.70106391721626;
1717220229;199.8;-27.0;21.1;202.71717054946393;
1717220235;199.8;-27.1;21.0;202.7201303278934;
1717220245;199.8;-27.300001;20.9;202.7366303015361;
1717220255;199.90001;-27.300001;20.9;202.83518853201412;
1717220265;199.90001;-27.4;20.9;202.8486717319796;
1717220276;200.0;-27.4;20.9;202.94720979395115;
1717220285;200.0;-27.4;20.9;202.94720979395115;
1717220295;200.0;-27.300001;21.0;202.9440564847484;
1717220305;200.0;-27.2;21.0;202.93062864314965;
1717220316;200.0;-27.2;21.0;202.93062864314965;
1717220331;200.0;-27.2;21.0;202.93062864314965;
1717220337;199.90001;-27.1;21.1;202.82907507813587;
1717220346;199.90001;-27.0;21.1;202.81573823640122;
1717220356;199.90001;-26.800001;21.1;202.7892101116742;
1717220440;199.8;-26.7;21.2;202.68786666342913;
1717220441;199.8;-26.5;21.300001;202.67210283666142;
1717220441;199.8;-26.300001;21.4;202.65658455463875;
1717220442;199.8;-26.1;21.5;202.64131177870703;
1717220443;199.8;-26.0;21.6;202.63909108551076;
1717220443;199.8;-25.9;21.6;202.62628461332895;
1717220473;199.90001;-25.800001;21.7;202.72282494194255;
1717220483;199.90001;-25.800001;21.7;202.72282494194255;
1717220484;199.90001;-25.800001;21.7;202.72282494194255;
1717220486;199.90001;-25.800001;21.7;202.72282494194255;
1717220486;199.90001;-25.800001;21.7;202.72282494194255;
1717220487;199.90001;-25.7;21.7;202.7101224226483;
1717220487;200.0;-25.7;21.7;202.80872780116408;
1717220517;200.0;-25.7;21.800001;202.81945194953892;
1717220527;200.1;-25.7;21.800001;202.9180685196326;
1717220528;200.1;-25.7;21.800001;202.9180685196326;
1717220530;200.2;-25.7;21.9;203.02743361571336;
1717220555;200.2;-25.7;21.9;203.02743361571336;
1717220555;200.2;-25.7;21.9;203.02743361571336;
1717220556;200.3;-25.7;21.800001;203.11529068892256;
1717220570;200.3;-25.7;21.800001;203.11529068892256;
1717220575;200.3;-25.7;21.9;203.12604767739882;
1717220585;200.3;-25.7;21.9;203.12604767739882;
1717220595;200.3;-25.7;21.9;203.12604767739882;
1717220605;200.3;-25.800001;21.9;203.13872418836672;
1717220615;200.3;-26.0;21.800001;203.15346729118463;
1717220625;200.3;-26.2;21.800001;203.17916062531722;
1717220639;200.40001;-26.5;21.7;203.305936220626;
1717220645;200.40001;-26.5;21.7;203.305936220626;
1717220655;200.6;-27.0;21.6;203.55815499559333;
1717220665;200.7;-27.2;21.6;203.68330523881386;
1717220675;200.8;-27.4;21.7;203.81926120411921;
1717220685;200.90001;-27.5;21.7;203.9312475117546;
1717220695;200.90001;-27.5;21.7;203.9312475117546;
