1716796645;328.5;-36.4;2.6000001;330.52075594707793;
1716796655;328.6;-36.4;2.6000001;330.6201508121644;
1716796665;328.6;-36.4;2.7;330.6209523345004;
1716796676;328.6;-36.4;2.7;330.6209523345004;
1716796686;328.6;-36.3;2.7;330.6099574364006;
1716796697;328.6;-36.3;2.7;330.6099574364006;
1716796705;328.6;-36.3;2.7;330.6099574364006;
1716796715;328.6;-36.3;2.7;330.6099574364006;
1716796725;328.6;-36.3;2.7;330.6099574364006;
1716796735;328.6;-36.3;2.7;330.6099574364006;
1716796746;328.6;-36.3;2.7;330.6099574364006;
1716796755;328.6;-36.3;2.7;330.6099574364006;
1716796765;328.6;-36.3;2.7;330.6099574364006;
1716796775;328.6;-36.3;2.7;330.6099574364006;
1716796785;328.6;-36.3;2.7;330.6099574364006;
1716796795;328.6;-36.3;2.7;330.6099574364006;
1716796807;328.6;-36.3;2.7;330.6099574364006;
1716796815;328.6;-36.3;2.6000001;330.6091558874088;
1716796826;328.6;-36.3;2.6000001;330.6091558874088;
1716796835;328.6;-36.3;2.6000001;330.6091558874088;
1716796845;328.6;-36.3;2.6000001;330.6091558874088;
1716796855;328.5;-36.3;2.6000001;330.5097577157964;
1716796865;328.5;-36.4;2.5;330.51998443525923;
1716796877;328.5;-36.5;2.4;330.5302709290902;
1716796885;328.5;-36.5;2.4;330.5302709290902;
1716796895;328.4;-36.5;2.4;330.43087929500285;
1716796905;328.4;-36.4;2.3;330.41913700945895;
1716796915;328.4;-36.4;2.4;330.4198482276038;
1716796925;328.4;-36.3;2.4;330.40884663743395;
1716796935;328.4;-36.3;2.4;330.40884663743395;
1716796947;328.4;-36.3;2.4;330.40884663743395;
1716796955;328.4;-36.3;2.4;330.40884663743395;
1716796965;328.4;-36.3;2.4;330.40884663743395;
1716796975;328.4;-36.3;2.3;330.4081353956077;
1716796985;328.30002;-36.3;2.3;330.30876762068647;
1716796996;328.30002;-36.2;2.3;330.2977930258131;
1716797005;328.30002;-36.2;2.3;330.2977930258131;
1716797015;328.2;-36.100002;2.3;330.1874440037489;
1716797025;328.2;-36.100002;2.3;330.1874440037489;
1716797035;328.30002;-36.100002;2.3;330.28684834207183;
1716797045;328.30002;-36.2;2.3;330.2977930258131;
1716797055;328.30002;-36.2;2.3;330.2977930258131;
1716797065;328.30002;-36.2;2.3;330.2977930258131;
1716797079;328.30002;-36.2;2.3;330.2977930258131;
1716797085;328.30002;-36.2;2.3;330.2977930258131;
1716797095;328.30002;-36.2;2.3;330.2977930258131;
1716797107;328.30002;-36.2;2.3;330.2977930258131;
1716797115;328.30002;-36.2;2.3;330.2977930258131;
1716797125;328.30002;-36.2;2.3;330.2977930258131;
1716797135;328.30002;-36.2;2.3;330.2977930258131;
1716797145;328.30002;-36.2;2.3;330.2977930258131;
1716797156;328.4;-36.100002;2.3;330.3862227094894;
1716797165;328.4;-36.100002;2.3;330.3862227094894;
1716797176;328.4;-36.100002;2.3;330.3862227094894;
1716797185;328.4;-36.100002;2.3;330.3862227094894;
1716797195;328.30002;-36.100002;2.3;330.28684834207183;
1716797205;328.30002;-36.100002;2.3;330.28684834207183;
1716797215;328.30002;-36.100002;2.3;330.28684834207183;
1716797226;328.30002;-36.100002;2.4;330.28755984507785;
1716797235;328.30002;-36.100002;2.4;330.28755984507785;
1716797245;328.30002;-36.100002;2.4;330.28755984507785;
1716797255;328.30002;-36.100002;2.4;330.28755984507785;
1716797265;328.2;-36.100002;2.4;330.1881557209554;
1716797277;328.2;-36.100002;2.4;330.1881557209554;
1716797285;328.2;-36.100002;2.4;330.1881557209554;
1716797296;328.2;-36.100002;2.5;330.188897720605;
1716797305;328.2;-36.100002;2.5;330.188897720605;
1716797315;328.1;-36.100002;2.5;330.0894941835921;
1716797326;328.1;-36.100002;2.5;330.0894941835921;
1716797335;328.1;-36.100002;2.5;330.0894941835921;
1716797346;328.1;-36.100002;2.5;330.0894941835921;
1716797355;328.1;-36.100002;2.5;330.0894941835921;
1716797365;328.0;-36.100002;2.6000001;329.9908637614026;
1716797378;328.0;-36.100002;2.6000001;329.9908637614026;
1716797385;327.9;-36.100002;2.6000001;329.8914611858134;
1716797396;327.9;-36.100002;2.7;329.89226447860926;
1716797406;327.9;-36.100002;2.7;329.89226447860926;
1716797415;327.9;-36.100002;2.7;329.89226447860926;
1716797429;327.80002;-36.100002;2.6000001;329.79208930838746;
1716797436;327.7;-36.0;2.6000001;329.68175260580057;
1716797446;327.7;-36.0;2.5;329.6809791305656;
1716797456;327.6;-36.0;2.5;329.5815741194029;
1716797466;327.6;-36.0;2.5;329.5815741194029;
1716797477;327.6;-36.0;2.5;329.5815741194029;
1716797486;327.6;-36.0;2.4;329.58083075245935;
1716797501;327.5;-35.9;2.4;329.4705147809374;
1716797505;327.5;-35.9;2.5;329.4712583967805;
1716797516;327.5;-35.9;2.5;329.4712583967805;
1716797527;327.5;-35.9;2.5;329.4712583967805;
1716797536;327.5;-36.0;2.5;329.48216947203684;
1716797546;327.5;-36.0;2.5;329.48216947203684;
1716797556;327.5;-36.0;2.5;329.48216947203684;
1716797566;327.5;-36.0;2.5;329.48216947203684;
1716797579;327.5;-36.0;2.5;329.48216947203684;
1716797585;327.5;-36.0;2.5;329.48216947203684;
1716797600;327.6;-36.100002;2.5;329.59251230007663;
1716797605;327.6;-36.100002;2.6000001;329.5932859829217;
1716797620;327.7;-36.100002;2.5;329.6919140132817;
1716797637;327.80002;-36.100002;2.5;329.7913160919304;
1716797638;327.80002;-36.100002;2.5;329.7913160919304;
1716797647;327.80002;-36.100002;2.5;329.7913160919304;
1716797655;327.9;-36.100002;2.5;329.89068820226976;
1716797666;327.9;-36.100002;2.5;329.89068820226976;
1716797679;328.0;-36.100002;2.4;329.98934856402633;
1716797685;328.0;-36.100002;2.4;329.98934856402633;
1716797696;328.0;-36.100002;2.4;329.98934856402633;
1716797705;328.0;-36.100002;2.4;329.98934856402633;
1716797716;328.1;-36.100002;2.4;330.0887519604954;
1716797729;328.30002;-36.2;2.4;330.29850450524293;
1716797736;328.30002;-36.2;2.4;330.29850450524293;
1716797746;328.4;-36.2;2.4;330.39787536681524;
1716797755;328.5;-36.2;2.5;330.4980182319356;
1716797765;328.6;-36.3;2.5;330.60838458188124;
1716797780;328.6;-36.3;2.5;330.60838458188124;
1716797785;328.7;-36.3;2.5;330.7077833518786;
1716797795;328.7;-36.3;2.5;330.7077833518786;
1716797805;328.80002;-36.4;2.5;330.81817083119836;
1716797815;328.9;-36.4;2.5;330.9175367008999;
1716797825;328.9;-36.4;2.5;330.9175367008999;
1716797835;328.9;-36.4;2.5;330.9175367008999;
1716797845;329.0;-36.4;2.5;331.0169332694084;
1716797855;329.0;-36.4;2.5;331.0169332694084;
1716797865;329.0;-36.4;2.5;331.0169332694084;
1716797876;329.0;-36.4;2.5;331.0169332694084;
1716797885;329.0;-36.4;2.5;331.0169332694084;
1716797895;328.9;-36.4;2.5;330.9175367008999;
1716797905;328.9;-36.4;2.5;330.9175367008999;
1716797915;328.9;-36.4;2.5;330.9175367008999;
1716797925;328.80002;-36.4;2.5;330.81817083119836;
1716797935;328.80002;-36.3;2.5;330.8071824879662;
1716797945;328.80002;-36.3;2.5;330.8071824879662;
1716797958;328.7;-36.3;2.5;330.7077833518786;
1716798017;328.6;-36.3;2.5;330.60838458188124;
1716798054;328.6;-36.2;2.5;330.5974199331678;
1716798059;328.6;-36.2;2.5;330.5974199331678;
1716798060;328.5;-36.2;2.5;330.4980182319356;
1716798060;328.5;-36.2;2.5;330.4980182319356;
1716798062;328.5;-36.2;2.5;330.4980182319356;
1716798062;328.5;-36.2;2.5;330.4980182319356;
1716798063;328.5;-36.2;2.5;330.4980182319356;
1716798070;328.5;-36.2;2.5;330.4980182319356;
1716798075;328.5;-36.2;2.5;330.4980182319356;
1716798086;328.5;-36.2;2.5;330.4980182319356;
1716798087;328.5;-36.2;2.5;330.4980182319356;
1716798087;328.5;-36.2;2.5;330.4980182319356;
1716798095;328.5;-36.2;2.5;330.4980182319356;
1716798105;328.5;-36.2;2.5;330.4980182319356;
1716798129;328.5;-36.2;2.5;330.4980182319356;
1716798130;328.5;-36.2;2.5;330.4980182319356;
1716798135;328.6;-36.2;2.5;330.5974199331678;
1716798145;328.6;-36.2;2.5;330.5974199331678;
1716798155;328.6;-36.2;2.5;330.5974199331678;
1716798167;328.6;-36.2;2.5;330.5974199331678;
1716798175;328.6;-36.2;2.5;330.5974199331678;
1716798186;328.6;-36.2;2.5;330.5974199331678;
1716798195;328.6;-36.2;2.5;330.5974199331678;
