1750237714;359.06873;-16.15202;-14.952909;359.7427232474168;
1750237725;358.90366;-16.008581;-14.828673;359.566403490197;
1750237735;358.2816;-15.808625;-14.283166;358.9144969311863;
1750237745;357.99478;-15.497933;-13.694327;358.5916676639589;
1750237755;357.37317;-15.157443;-13.171004;357.93687336718045;
1750237765;357.16556;-14.865675;-12.700987;357.7003481715612;
1750237774;356.82645;-14.64126;-12.315737;357.33899425672985;
1750237786;356.69785;-14.467439;-12.020256;357.193429800834;
1750237796;356.50296;-14.319519;-11.785056;356.9850092205837;
1750237805;356.39056;-14.178763;-11.558217;356.85972565670795;
1750237815;356.40735;-14.04225;-11.350979;356.86443876690413;
1750237825;356.34515;-13.920233;-11.173335;356.7919350826567;
1750237842;356.55133;-13.818744;-11.022997;356.9892371864895;
1750237846;356.55133;-13.818744;-11.022997;356.9892371864895;
1750237847;356.54272;-13.7392;-10.90832;356.97404882304306;
1750237858;356.777;-13.68441;-10.82865;357.2035221391331;
1750237859;356.777;-13.68441;-10.82865;357.2035221391331;
1750237865;356.7847;-13.6545925;-10.77729;357.2085090781972;
1750237878;357.04205;-13.651249;-10.753205;357.46470565786063;
1750237886;357.0517;-13.669905;-10.753876;357.47507089250007;
1750237894;357.3303;-13.700487;-10.771744;357.75504358774964;
1750237906;357.34283;-13.736666;-10.795962;357.7696886782365;
1750237916;357.6251;-13.765834;-10.815059;358.05330578655156;
1750237926;357.62952;-13.777004;-10.8196745;358.05829462066663;
1750237938;357.91013;-13.767911;-10.808118;358.3378697343384;
1750237945;357.90897;-13.749138;-10.783347;358.33524436907936;
1750237955;358.15967;-13.7295265;-10.752791;358.58397925860544;
1750237965;358.16144;-13.71597;-10.727632;358.58447481037507;
1750237976;358.39758;-13.7114525;-10.716982;358.8198505320605;
1750237986;358.404;-13.71882;-10.721337;358.82666337877737;
1750237995;358.62167;-13.738194;-10.738848;359.0453531268387;
1750238007;358.63104;-13.765532;-10.769245;359.0566684107894;
1750238014;358.8441;-13.803931;-10.809761;359.2721493360983;
1750238027;358.8515;-13.844507;-10.853148;359.2824255584579;
1750238047;359.06628;-13.881019;-10.89112;359.49950710254205;
1750238054;359.06628;-13.881019;-10.89112;359.49950710254205;
1750238059;359.07364;-13.906186;-10.919077;359.5086736326656;
1750238062;359.27896;-13.923417;-10.9355545;359.7149146804698;
1750238066;359.285;-13.934103;-10.937989;359.7214376315883;
1750238078;359.4842;-13.936426;-10.933732;359.9203449270653;
1750238092;359.48904;-13.931137;-10.921506;359.9246153911438;
1750238099;359.48904;-13.931137;-10.921506;359.9246153911438;
1750238105;359.6805;-13.922517;-10.903456;360.1149707472143;
1750238110;359.68277;-13.916892;-10.888809;360.1165657444247;
1750238118;359.8753;-13.916637;-10.882356;360.30866453337387;
1750238132;359.87833;-13.925668;-10.886898;360.3121682591099;
1750238138;0.071079455;-13.939187;-10.899516;17.69478565107463;
1750238148;0.072392054;-13.952841;-10.911129;17.71270005242938;
1750238157;0.2536922;-13.96346;-10.918918;17.727530476869774;
1750238165;0.25599748;-13.969996;-10.923138;17.73531144444473;
1750238174;0.41809604;-13.975441;-10.924012;17.74321833974918;
1750238195;0.4219879;-13.984358;-10.9272;17.752296881869515;
1750238206;0.5690298;-13.995911;-10.931843;17.76835661456992;
1750238220;0.5725454;-14.012636;-10.938161;17.785531897683672;
1750238222;0.71161216;-14.040561;-10.961026;17.82660462473858;
1750238225;0.71161216;-14.040561;-10.961026;17.82660462473858;
1750238236;0.82867026;-14.051701;-10.966247;17.84364168362318;
1750238266;0.83355874;-14.05714;-10.964535;17.847101655228077;
1750238271;0.83355874;-14.05714;-10.964535;17.847101655228077;
1750238277;0.9329303;-14.05406;-10.953705;17.84294287676327;
1750238278;0.9396745;-14.050949;-10.938339;17.83141676541836;
1750238279;1.0205876;-14.047798;-10.91861;17.821286935641055;
1750238285;1.02653;-14.040479;-10.900372;17.804687758057586;
1750238294;1.0963087;-14.033079;-10.882626;17.792153963193694;
1750238306;1.161265;-14.015858;-10.842702;17.75829350351041;
1750238314;1.161265;-14.015858;-10.842702;17.75829350351041;
1750238326;1.2291976;-14.016224;-10.837324;17.759872014891762;
1750238334;1.2291976;-14.016224;-10.837324;17.759872014891762;
1750238345;1.3068671;-14.042297;-10.891496;17.819054284655735;
1750238353;1.3068671;-14.042297;-10.891496;17.819054284655735;
1750238365;1.4105446;-14.076498;-11.027986;17.93749979212365;
1750238374;1.411297;-14.124974;-11.112261;18.027451212061607;
1750238385;1.48743;-14.186578;-11.20488;18.138929625975454;
1750238395;1.481105;-14.249158;-11.2857065;18.237306396713223;
1750238405;1.5492684;-14.303383;-11.348717;18.32431078223052;
1750238414;1.5330557;-14.342198;-11.389574;18.378555733946136;
1750238436;1.5737451;-14.36877;-11.410503;18.41569445947831;
1750238438;1.5445381;-14.389701;-11.421788;18.436548912459006;
1750238446;1.5762721;-14.404992;-11.436161;18.460070712041915;
1750238456;1.5351977;-14.420338;-11.456901;18.481437771033903;
1750238467;1.5280153;-14.432723;-11.470157;18.49872479798683;
1750238476;1.4798087;-14.444527;-11.485347;18.513437701398818;
1750238486;1.47301;-14.454806;-11.502314;18.531443622721554;
1750238495;1.4304689;-14.457027;-11.517487;18.539265911292496;
1750238506;1.4094406;-14.452947;-11.52408;18.5385710443896;
1750238515;1.373691;-14.439001;-11.516917;18.520560509866563;
1750238526;1.3715779;-14.41846;-11.50272;18.49556098382469;
1750238535;1.355117;-14.4033985;-11.479175;18.467963627569613;
1750238547;1.3612516;-14.39017;-11.463572;18.448400309399645;
1750238554;1.3629074;-14.384797;-11.450393;18.436143783897002;
1750238567;1.3457485;-14.382536;-11.446392;18.430634015803058;
1750238575;1.3627654;-14.384346;-11.453383;18.43763900456601;
1750238587;1.329421;-14.39933;-11.4663725;18.454965912863543;
1750238595;1.3500497;-14.4141035;-11.487186;18.480921685475383;
1750238606;1.3129655;-14.430756;-11.51984;18.511545187509117;
1750238615;1.329087;-14.454655;-11.562861;18.55810548938866;
1750238626;1.2976873;-14.491431;-11.618163;18.61900334622696;
1750238636;1.3046184;-14.535507;-11.692873;18.700435227693447;
1750238648;1.275733;-14.589849;-11.777443;18.793599024899258;
1750238656;1.2807055;-14.646475;-11.867977;18.894663614188698;
1750238672;1.230923;-14.688419;-11.939953;18.96911459207586;
1750238677;1.2310824;-14.704683;-11.97564;19.00418994748995;
1750238707;1.1516846;-14.709764;-11.979037;19.005284917724882;
1750238721;1.1673193;-14.708519;-11.985235;19.009182731653546;
1750238726;1.0654058;-14.714896;-11.994437;19.013936573570952;
1750238731;1.0958602;-14.738951;-12.019497;19.05008882997233;
1750238747;1.0127437;-14.774091;-12.06979;19.10442974070592;
1750238756;1.0507262;-14.825109;-12.142368;19.191794514941005;
1750238765;0.9270918;-14.894528;-12.235948;19.298313112356233;
1750238770;0.95363635;-14.978072;-12.375616;19.45271038465396;
1750238773;0.87523353;-15.060697;-12.567836;19.635200858639553;
1750238777;0.907142;-15.154961;-12.749495;19.82537136329689;
1750238786;0.8161633;-15.257347;-12.887219;19.988326290305757;
1750238794;0.8685815;-15.33599;-12.958914;20.096777566152063;
1750238806;0.78986496;-15.372688;-12.958492;20.121281126331947;
1750238815;0.8327201;-15.385554;-12.868206;20.074845717600514;
1750238826;0.71187234;-15.379505;-12.718142;19.969653621159015;
1750238837;0.74197394;-15.375438;-12.572366;19.875084697562468;
1750238846;0.6236318;-15.383698;-12.452142;19.801589064031383;
1750238855;0.6646657;-15.421703;-12.362227;19.776131614430117;
1750238867;0.5538525;-15.464312;-12.286162;19.758579700552325;
1750238874;0.5925624;-15.502286;-12.205239;19.739297513990614;
1750238888;0.44014275;-15.525382;-12.110958;19.695342578222082;
1750238898;0.4637483;-15.529687;-12.024749;19.646394639280306;
1750238909;0.3140376;-15.524725;-11.968883;19.60535269907302;
1750238916;0.32834876;-15.502296;-11.928821;19.563378266704607;
1750238934;0.18728288;-15.469174;-11.857356;19.49172450135555;
1750238936;0.18728288;-15.469174;-11.857356;19.49172450135555;
1750238938;0.22934793;-15.397702;-11.728456;19.357130558931768;
1750238946;0.1305089;-15.3080015;-11.547168;19.175219079563558;
1750238957;0.19446485;-15.223551;-11.324643;18.974768972703767;
1750238966;0.080079615;-15.177754;-11.086118;18.79554862409661;
1750238975;0.13416371;-15.185071;-10.894549;18.689451219580103;
1750238987;0.043803327;-15.262536;-10.798849;18.69657902894728;
1750239006;0.08109773;-15.57247;-10.936447;19.029300194042023;
1750239023;0.08109773;-15.57247;-10.936447;19.029300194042023;
1750239025;0.08109773;-15.57247;-10.936447;19.029300194042023;
1750239033;0.17640433;-15.75002;-11.1384;19.291402376089117;
1750239034;0.13976067;-15.913989;-11.400874;19.576887193334436;
1750239035;0.22692232;-16.057884;-11.691807;19.864679341302047;
1750239045;0.19851993;-16.177027;-11.987042;20.13516304224238;
1750239057;0.26012456;-16.259048;-12.259009;20.364371637627055;
1750239067;0.23955931;-16.28839;-12.470752;20.515571186418427;
1750239074;0.26079315;-16.262444;-12.588441;20.567059274677863;
1750239085;0.20252283;-16.165176;-12.607134;20.50106747384016;
1750239095;0.19192311;-16.013077;-12.544813;20.34275791618333;
1750239106;0.11128904;-15.824537;-12.440142;20.129219812341898;
1750239117;0.0020014783;-15.402643;-12.269117;19.69194409769537;
1750239126;0.0020014783;-15.402643;-12.269117;19.69194409769537;
1750239136;359.94223;-15.194437;-12.232637;360.47041131488777;
1750239145;359.90186;-14.998291;-12.19178;360.42049581705174;
1750239156;359.79825;-14.848471;-11.962636;360.30315182492603;
1750239168;359.82578;-14.695978;-11.685492;360.3152938011761;
1750239176;359.71567;-14.556949;-11.460349;360.1924568366292;
1750239186;359.6986;-14.391878;-11.184701;360.16012074565026;
1750239194;359.6986;-14.391878;-11.184701;360.16012074565026;
1750239205;359.68646;-14.235693;-10.935708;360.134135983442;
1750239216;359.68646;-14.235693;-10.935708;360.134135983442;
1750239227;359.6238;-13.953595;-10.509167;360.0478162529084;
1750239228;359.6238;-13.953595;-10.509167;360.0478162529084;
1750239238;359.7307;-13.786957;-10.262574;360.141064589103;
1750239245;359.63745;-13.621845;-10.027006;360.03498691878445;
1750239255;359.83533;-13.484996;-9.81907;360.22176767908303;
1750239266;359.77618;-13.378898;-9.661212;360.15446207438583;
1750239274;0.050443172;-13.3005705;-9.540227;16.368373462752523;
1750239285;0.00975648;-13.245618;-9.455852;16.2745081794329;
1750239296;0.34666905;-13.216296;-9.405795;16.22527799398895;
1750239305;0.33461672;-13.209649;-9.384963;16.207539248888054;
1750239314;0.6747066;-13.21813;-9.381906;16.22326553049558;
1750239326;0.6843352;-13.234939;-9.385748;16.23958677937499;
1750239336;1.0150051;-13.249175;-9.390925;16.271458307886448;
1750239345;1.0286784;-13.255938;-9.391855;16.27836002671233;
1750239357;1.3337418;-13.253401;-9.378651;16.290813002509864;
1750239364;1.3432126;-13.235254;-9.353061;16.262100757206568;
1750239376;1.6314356;-13.214508;-9.322376;16.253968880615144;
1750239384;1.6367302;-13.198849;-9.297127;16.22729366082784;
1750239394;1.9084496;-13.191145;-9.28332;16.242799116181192;
1750239404;1.9079734;-13.194331;-9.27906;16.242896871045357;
1750239414;2.181695;-13.205163;-9.284484;16.289191643007552;
1750239424;2.180606;-13.2216425;-9.299097;16.31073506736228;
1750239433;2.4519854;-13.240283;-9.315408;16.373580795121082;
1750239444;2.4530437;-13.256328;-9.329719;16.394855734796703;
1750239454;2.7183406;-13.26961;-9.340444;16.45344410639132;
1750239465;2.717836;-13.28517;-9.347299;16.469801300163976;
1750239478;2.97875;-13.299902;-9.354922;16.531028850324716;
1750239484;2.9842925;-13.311093;-9.3647995;16.546621319308375;
1750239494;3.2389984;-13.32353;-9.379146;16.612523596299415;
1750239504;3.2545269;-13.342982;-9.39394;16.63950809627388;
1750239514;3.4962893;-13.358049;-9.407462;16.708137707727783;
1750239525;3.5167143;-13.367684;-9.417729;16.725904806823408;
1750239535;3.7471414;-13.373152;-9.42427;16.78389453672297;
1750239545;3.7607825;-13.378577;-9.428581;16.79368803400803;
1750239554;3.98758;-13.383512;-9.427906;16.849468484265493;
1750239564;3.9911132;-13.385388;-9.42517;16.850265127938034;
1750239575;4.214869;-13.38913;-9.423895;16.906913027152136;
1750239584;4.2140017;-13.393013;-9.423858;16.90975165178894;
1750239594;4.424134;-13.393963;-9.421664;16.962869975135646;
1750239604;4.4189725;-13.389463;-9.415022;16.95428223183968;
1750239613;4.6128945;-13.380107;-9.403529;16.992128122745118;
1750239626;4.605875;-13.368134;-9.388733;16.972606894325388;
1750239634;4.7825756;-13.356185;-9.372208;17.002910991558092;
1750239644;4.7799263;-13.347998;-9.356626;16.987147462786517;
1750239655;4.9386578;-13.343387;-9.348156;17.02422767439188;
1750239665;4.941268;-13.3429;-9.342997;17.021771421361578;
1750239673;5.083749;-13.3457985;-9.339248;17.063891323720924;
1750239684;5.094155;-13.346368;-9.336711;17.066051648876517;
1750239694;5.21676;-13.34693;-9.334857;17.102475549951144;
1750239704;5.226247;-13.347182;-9.330573;17.103231409811837;
1750239714;5.3316884;-13.345271;-9.325124;17.13128996583168;
1750239727;5.339892;-13.34359;-9.32207;17.130873452946506;
1750239734;5.434887;-13.349665;-9.329161;17.169297668752808;
1750239745;5.440973;-13.36473;-9.343761;17.19087164133494;
1750239754;5.53142;-13.382674;-9.360656;17.242808810999396;
1750239764;5.5301366;-13.398576;-9.379994;17.26524075880529;
1750239775;5.6129656;-13.414443;-9.393342;17.31148573477646;
1750239786;5.607797;-13.422315;-9.397474;17.31815354588941;
1750239795;5.673597;-13.418845;-9.387771;17.331628458497338;
1750239805;5.6684775;-13.405103;-9.37078;17.310110756623285;
1750239814;5.712406;-13.387961;-9.348407;17.29918506111523;
1750239824;5.7116275;-13.3732;-9.328515;17.276758115474298;
1750239837;5.7396812;-13.362483;-9.314796;17.27035975963655;
1750239848;5.7454762;-13.360181;-9.312345;17.26918326971533;
1750239855;5.763706;-13.36912;-9.317772;17.28509597025077;
1750239865;5.772775;-13.383881;-9.32825;17.30518535885916;
1750239874;5.7839136;-13.393521;-9.337965;17.321595200357354;
1750239885;5.7918935;-13.398939;-9.346224;17.332902235149362;
1750239899;5.796181;-13.40368;-9.350056;17.3400660747736;
1750239908;5.797014;-13.406877;-9.355108;17.345540171401154;
1750239920;5.8035045;-13.409124;-9.361602;17.352949876061377;
1750239926;5.799438;-13.416035;-9.36988;17.361397240992684;
1750239937;5.8066263;-13.424124;-9.379489;17.375235852226893;
1750239957;5.804426;-13.434139;-9.390744;17.388316125242046;
1750239968;5.8011856;-13.44284;-9.401901;17.399983867709487;
1750239973;5.800033;-13.448897;-9.408865;17.408043090434774;
1750239976;5.7852163;-13.450876;-9.410655;17.405609080237486;
1750239986;5.7854342;-13.45048;-9.408806;17.404375930213945;
1750239995;5.760685;-13.447774;-9.405037;17.392033654466765;
1750240005;5.765263;-13.443905;-9.40315;17.389538786658328;
1750240017;5.7336793;-13.443975;-9.406488;17.380954475655656;
1750240025;5.7380476;-13.448784;-9.413928;17.39014142987359;
1750240037;5.711801;-13.470351;-9.442774;17.41381665870255;
1750240046;5.725266;-13.538386;-9.53628;17.521621085582314;
1750240055;5.717367;-13.624641;-9.624364;17.633704138058356;
1750240066;5.7078266;-13.71964;-9.735784;17.764945318215194;
1750240075;5.7078266;-13.71964;-9.735784;17.764945318215194;
1750240086;5.66389;-13.680962;-9.691268;17.696582551023834;
1750240093;5.66389;-13.680962;-9.691268;17.696582551023834;
1750240107;5.5995803;-13.571775;-9.558916;17.5191684948078;
1750240114;5.5995803;-13.571775;-9.558916;17.5191684948078;
1750240125;5.557002;-13.500865;-9.478092;17.406546437702946;
1750240136;5.562379;-13.513063;-9.493167;17.425933557901256;
1750240145;5.546525;-13.546433;-9.53347;17.468739277596658;
1750240155;5.5504313;-13.582649;-9.577182;17.521930793944765;
1750240168;5.5459614;-13.605245;-9.606871;17.554268226224707;
1750240175;5.539901;-13.609357;-9.611707;17.558189020403884;
1750240191;5.5283523;-13.593753;-9.591942;17.531632659307807;
1750240202;5.520505;-13.567719;-9.559263;17.491097728281076;
1750240207;5.5003405;-13.537196;-9.520285;17.43976046052945;
1750240218;5.4954906;-13.518111;-9.493508;17.40880375486624;
1750240226;5.482413;-13.51486;-9.489857;17.400163096970832;
1750240235;5.4893928;-13.528527;-9.505785;17.421665560754967;
1750240246;5.481146;-13.5513315;-9.531995;17.451087964188563;
1750240258;5.4925866;-13.57212;-9.558407;17.485253281609086;
1750240267;5.48523;-13.587183;-9.576496;17.504529918572455;
1750240276;5.4919486;-13.591715;-9.580374;17.512274944811107;
1750240285;5.4785647;-13.582498;-9.573191;17.496996671914655;
1750240295;5.4776793;-13.570883;-9.560559;17.48079298828187;
1750240307;5.471163;-13.561886;-9.548552;17.465199872644014;
1750240319;5.466951;-13.557999;-9.543864;17.458299587478457;
1750240326;5.472003;-13.562563;-9.55032;17.466955546022543;
1750240335;5.469504;-13.575956;-9.565535;17.4848939197101;
1750240345;5.4846616;-13.589279;-9.580141;17.507973155156527;
1750240356;5.482188;-13.59818;-9.591616;17.52038736346656;
1750240367;5.4984975;-13.605097;-9.598565;17.53466811819682;
1750240378;5.4970465;-13.604082;-9.597744;17.53297634599153;
1750240385;5.5078306;-13.599182;-9.592176;17.529512301187683;
1750240394;5.511217;-13.589258;-9.584228;17.518529342834533;
1750240408;5.522869;-13.605446;-9.612384;17.550161350857742;
1750240419;5.540271;-13.687949;-9.726217;17.682020691898725;
1750240427;5.5790195;-13.79661;-9.836034;17.838706919810527;
1750240435;5.5676336;-13.891876;-9.940447;17.96650363332779;
1750240444;5.581047;-13.930527;-10.000916;18.034022643874593;
1750240454;5.5653696;-13.924884;-9.991043;18.019341578438755;
1750240466;5.567009;-13.875218;-9.926126;17.945507579117557;
1750240476;5.565583;-13.79605;-9.839423;17.835945805275454;
1750240486;5.5649357;-13.711269;-9.734871;17.71256979634741;
1750240496;5.5722647;-13.641538;-9.64259;17.610258858600332;
1750240506;5.5740914;-13.60303;-9.592345;17.55351854278034;
1750240519;5.5935946;-13.605161;-9.597092;17.563965003621355;
1750240525;5.5821877;-13.643357;-9.641021;17.613951809722227;
1750240536;5.6044374;-13.695722;-9.700093;17.693906248267528;
1750240545;5.602882;-13.734961;-9.751599;17.752045411552647;
1750240558;5.6041584;-13.748312;-9.774846;17.775553155087806;
1750240571;5.602153;-13.740507;-9.7680855;17.765166655087913;
1750240582;5.586571;-13.713697;-9.738759;17.72339422656285;
1750240583;5.586571;-13.713697;-9.738759;17.72339422656285;
1750240587;5.5758805;-13.679361;-9.698914;17.67156741604831;
1750240595;5.5603914;-13.649732;-9.661216;17.62305923887711;
1750240606;5.5455527;-13.635606;-9.640196;17.595916483935806;
1750240624;5.5395;-13.636028;-9.635764;17.59190952129406;
1750240628;5.524948;-13.646592;-9.643881;17.59997063936202;
1750240637;5.5292883;-13.658448;-9.658007;17.618266928828564;
1750240645;5.507002;-13.667561;-9.668317;17.624007272709214;
1750240655;5.5164423;-13.669798;-9.6721735;17.630809692307004;
1750240666;5.479209;-13.666699;-9.669107;17.615108346430205;
1750240676;5.4869766;-13.659483;-9.663144;17.608655292577804;
1750240689;5.4474316;-13.655298;-9.659849;17.591315084660515;
1750240695;5.4516277;-13.6586485;-9.663703;17.597331573582544;
1750240706;5.4207478;-13.668053;-9.675634;17.601649663074355;
1750240714;5.4166226;-13.67877;-9.688511;17.61578254486131;
1750240725;5.3956685;-13.686272;-9.696447;17.61954489865915;
1750240740;5.386689;-13.684797;-9.693047;17.613780087713195;
1750240741;5.386689;-13.684797;-9.693047;17.613780087713195;
1750240746;5.362387;-13.676467;-9.682237;17.593937911813324;
1750240756;5.355298;-13.664194;-9.668684;17.57477931923838;
1750240765;5.33047;-13.651325;-9.656397;17.550458460698284;
1750240774;5.329021;-13.640887;-9.647138;17.536805139687466;
1750240785;5.3052726;-13.643175;-9.654541;17.53545855849437;
1750240795;5.321845;-13.705038;-9.741746;17.636658340938645;
1750240805;5.314439;-13.784676;-9.835979;17.748437488600995;
1750240814;5.3148384;-13.861287;-9.904579;17.84610535233059;
1750240825;5.3083186;-13.876136;-9.931204;17.87048409353254;
1750240839;5.297259;-13.850467;-9.906373;17.83346871601235;
1750240846;5.257111;-13.798628;-9.833923;17.741065236321006;
1750240856;5.258727;-13.73475;-9.757556;17.6495739518899;
1750240866;5.196505;-13.675651;-9.689358;17.547385501398878;
1750240874;5.197826;-13.640912;-9.647048;17.497354398383003;
1750240886;5.165173;-13.635837;-9.643768;17.481914074802962;
1750240894;5.181416;-13.6615925;-9.674964;17.524015201023676;
1750240906;5.167716;-13.702864;-9.727709;17.5812991881472;
1750240923;5.1695733;-13.762447;-9.794571;17.665306818696664;
1750240926;5.1695733;-13.762447;-9.794571;17.665306818696664;
1750240935;5.163773;-13.757843;-9.793699;17.659539688052124;
1750240947;5.1406336;-13.70932;-9.740375;17.585404943902226;
1750240957;5.1406336;-13.70932;-9.740375;17.585404943902226;
1750240966;5.1211123;-13.677094;-9.7026005;17.53365793494174;
1750240977;5.111972;-13.679488;-9.7011385;17.532048976021947;
1750240987;5.1155777;-13.686323;-9.706501;17.541400707568318;
1750240994;5.1155777;-13.686323;-9.706501;17.541400707568318;
1750241008;5.1092434;-13.700963;-9.719651;17.558256622296767;
1750241009;5.1092434;-13.700963;-9.719651;17.558256622296767;
1750241016;5.0892687;-13.703702;-9.723363;17.55664802949455;
1750241026;5.0970798;-13.703213;-9.726041;17.56001514195011;
1750241036;5.0786476;-13.702517;-9.731366;17.557081444132855;
1750241047;5.080295;-13.704149;-9.737348;17.562148019563686;
1750241055;5.070144;-13.707259;-9.744499;17.56560790106447;
1750241066;5.0653415;-13.707663;-9.750654;17.567952511220447;
1750241076;5.0599084;-13.707979;-9.750577;17.566590962141056;
1750241086;5.0512447;-13.707667;-9.74612;17.56138039738103;
1750241097;5.04527;-13.703459;-9.737605;17.551651908449916;
1750241106;5.038378;-13.696488;-9.727079;17.53838983243529;
1750241116;5.028529;-13.689607;-9.717942;17.525120188137336;
1750241126;5.02855;-13.692047;-9.724342;17.530581991758073;
1750241140;5.0349784;-13.756824;-9.816687;17.634300033883825;
1750241146;5.0416837;-13.831442;-9.905951;17.744160023849698;
1750241156;5.052343;-13.894206;-9.9637575;17.828392922250245;
1750241165;5.034934;-13.892674;-9.975283;17.82871920300352;
1750241175;5.0318074;-13.852311;-9.932576;17.772497834088696;
1750241185;5.031641;-13.791309;-9.846522;17.67686700208672;
1750241195;4.9787893;-13.723692;-9.765634;17.564044606498136;
1750241206;4.973609;-13.665424;-9.698778;17.479900069082156;
1750241215;4.9435334;-13.638646;-9.663899;17.431068322320883;
1750241225;4.9544897;-13.647628;-9.674214;17.446923431061126;
1750241234;4.948241;-13.685824;-9.720662;17.500804342963512;
1750241245;4.9661183;-13.733427;-9.778406;17.57516931642102;
1750241256;4.963556;-13.771873;-9.823027;17.629328915206067;
1750241266;4.96235;-13.780061;-9.833768;17.64137132292323;
1750241277;4.9536557;-13.7586775;-9.811896;17.610031815310357;
1750241285;4.9375544;-13.718715;-9.767201;17.549381758567424;
1750241295;4.9292226;-13.682811;-9.724522;17.49522412780315;
1750241308;4.9191103;-13.661617;-9.696121;17.46001716598883;
1750241310;4.9191103;-13.661617;-9.696121;17.46001716598883;
1750241315;4.917302;-13.65766;-9.687335;17.451532419502605;
1750241329;4.9176607;-13.666047;-9.695613;17.462793011927623;
1750241331;4.9176607;-13.666047;-9.695613;17.462793011927623;
1750241336;4.9188733;-13.677035;-9.710395;17.47994217466927;
1750241346;4.9256415;-13.6863;-9.722299;17.495709483691417;
1750241355;4.920135;-13.690362;-9.724977;17.498825914155326;
1750241366;4.9263124;-13.687032;-9.71964;17.494993276700114;
1750241375;4.9154367;-13.678171;-9.70899;17.479083880989442;
1750241386;4.918528;-13.673349;-9.70401;17.473414435200713;
1750241397;4.914317;-13.676993;-9.705191;17.475737072529988;
1750241406;4.9095893;-13.686208;-9.714976;17.48705563780912;
1750241415;4.9196863;-13.699496;-9.729826;17.508541486011552;
1750241427;4.9133024;-13.71208;-9.7429495;17.52389064519796;
1750241436;4.9237046;-13.717771;-9.748725;17.534472752861326;
1750241447;4.9147096;-13.714642;-9.746283;17.528142732218456;
1750241462;4.9243827;-13.704593;-9.735788;17.517162462943237;
1750241465;4.9243827;-13.704593;-9.735788;17.517162462943237;
1750241467;4.9175334;-13.695743;-9.725873;17.502802797344508;
1750241475;4.924839;-13.692649;-9.718146;17.4981439275277;
1750241486;4.9266605;-13.693736;-9.719121;17.500048696881866;
1750241496;4.930639;-13.700742;-9.725572;17.510233220766064;
1750241507;4.9361877;-13.711332;-9.735077;17.525361787976223;
1750241518;4.93921;-13.721652;-9.744954;17.539773654774265;
1750241525;4.942308;-13.728407;-9.749998;17.548732912957817;
1750241535;4.9456873;-13.728283;-9.749252;17.549173648927344;
1750241545;4.9454064;-13.723702;-9.745024;17.543162220117033;
1750241555;4.9504304;-13.719042;-9.740632;17.53849430623038;
1750241567;4.9485803;-13.717748;-9.738589;17.535825317798203;
1750241577;4.957927;-13.718153;-9.738962;17.53898937603335;
1750241586;4.9541435;-13.72085;-9.743394;17.54249090582982;
1750241595;4.968704;-13.726841;-9.747857;17.553771750783522;
1750241605;4.9632244;-13.729483;-9.7477865;17.55424827465556;
1750241616;4.9812317;-13.726037;-9.745542;17.555407773982;
1750241626;4.976961;-13.720105;-9.738875;17.545857684969178;
1750241637;4.988966;-13.712831;-9.730569;17.53897015185364;
1750241646;4.987849;-13.704054;-9.7220545;17.52706695515314;
1750241655;4.9951434;-13.697373;-9.717602;17.521451988681655;
1750241666;4.998343;-13.696457;-9.719798;17.522866186568034;
1750241676;5.0048347;-13.700761;-9.724792;17.530852454040843;
1750241686;5.0108647;-13.708115;-9.732674;17.54269386994992;
1750241696;5.014306;-13.715455;-9.740234;17.553607560839183;
1750241707;5.0168557;-13.722993;-9.747937;17.56449985161135;
1750241716;5.0207305;-13.72746;-9.750287;17.570400903071707;
1750241727;5.0191493;-13.727789;-9.7513895;17.570818016039837;
1750241736;5.0233006;-13.725658;-9.749698;17.569401051953783;
1750241747;5.0183263;-13.722088;-9.747259;17.56383655870064;
1750241759;5.0196924;-13.719378;-9.744948;17.560827905027477;
1750241770;5.015655;-13.718149;-9.7429905;17.557627297455706;
1750241779;5.0122485;-13.717565;-9.741028;17.555108558347;
1750241788;5.009477;-13.717592;-9.7401085;17.553828968177353;
1750241797;5.002434;-13.719827;-9.74179;17.55449962766487;
1750241807;5.0042124;-13.721157;-9.746143;17.55846243302513;
1750241819;4.9964223;-13.726257;-9.75428;17.56474753360662;
1750241827;4.981003;-13.726265;-9.756193;17.56143626077421;
1750241835;4.981003;-13.726265;-9.756193;17.56143626077421;
1750241848;4.9675426;-13.725165;-9.75875;17.55818456264106;
1750241849;4.9675426;-13.725165;-9.75875;17.55818456264106;
1750241855;4.9675426;-13.725165;-9.75875;17.55818456264106;
1750241868;4.9521756;-13.727138;-9.760778;17.556512882472884;
1750241879;4.9499574;-13.730346;-9.760452;17.558214608923983;
1750241888;4.9298387;-13.7316265;-9.759998;17.553302910030524;
1750241899;4.928143;-13.731255;-9.757676;17.551244665188513;
1750241910;4.9031177;-13.7307415;-9.757099;17.543511871150024;
1750241921;4.9001274;-13.731029;-9.759061;17.54399221198507;
1750241934;4.876567;-13.73421;-9.765474;17.543486483721193;
1750241941;4.8731976;-13.737268;-9.7721815;17.54867887639464;
1750241951;4.849324;-13.7403755;-9.777964;17.547718876315063;
1750241961;4.8469667;-13.740844;-9.780251;17.548708642251164;
1750241970;4.8193064;-13.740526;-9.779813;17.54059613613131;
1750241981;4.8175306;-13.738593;-9.77589;17.53640709897473;
1750241991;4.7866397;-13.735285;-9.768746;17.521369066591184;
1750242002;4.785778;-13.731199;-9.761232;17.51374209712454;
1750242010;4.7539306;-13.724475;-9.754133;17.49583328349168;
1750242020;4.756999;-13.718851;-9.748531;17.489133145153144;
1750242031;4.724708;-13.717171;-9.748036;17.478782916229648;
1750242041;4.726575;-13.719545;-9.752454;17.483614914225793;
1750242057;4.700483;-13.723618;-9.759411;17.48365859989844;
1750242061;4.7001853;-13.728397;-9.766468;17.4912702314722;
1750242066;4.6776276;-13.731888;-9.772327;17.491235688651916;
1750242076;4.6772246;-13.730515;-9.772783;17.490304527983632;
1750242087;4.6525755;-13.725772;-9.769362;17.478092451686834;
1750242099;4.6500072;-13.715597;-9.760271;17.464336920354775;
1750242111;4.623831;-13.705565;-9.748391;17.4428628854192;
1750242119;4.6225443;-13.696524;-9.736618;17.42883837608806;
1750242127;4.596598;-13.690798;-9.73068;17.414155202645265;
1750242135;4.5985065;-13.689243;-9.731184;17.41371833677899;
1750242147;4.5759416;-13.692542;-9.735173;17.41259737717143;
1750242160;4.5792556;-13.698398;-9.743661;17.42281859336601;
1750242170;4.560873;-13.70366;-9.752328;17.426983684947448;
1750242180;4.564014;-13.707326;-9.760797;17.435428212051065;
1750242189;4.5476265;-13.710987;-9.7677765;17.437933687703545;
1750242197;4.5467186;-13.711783;-9.770368;17.43977458968429;
1750242208;4.5337625;-13.711924;-9.773409;17.43821585244238;
1750242219;4.5308785;-13.71257;-9.775058;17.43889894622158;
1750242230;4.520747;-13.712977;-9.777308;17.437851511563565;
1750242240;4.5181794;-13.712982;-9.7761755;17.43655450008607;
1750242246;4.5069976;-13.707949;-9.77314;17.42799899383006;
1750242256;4.504865;-13.69996;-9.767249;17.41786044862925;
1750242267;4.4916964;-13.690547;-9.757139;17.40138438527394;
1750242276;4.491871;-13.68089;-9.746341;17.387777762631362;
1750242287;4.4723873;-13.674428;-9.739664;17.373925445358424;
1750242307;4.4736767;-13.672608;-9.739036;17.372472978373718;
1750242310;4.45604;-13.674362;-9.743562;17.371858513521616;
1750242318;4.4587255;-13.679329;-9.752263;17.381337902744498;
1750242327;4.4463263;-13.685008;-9.762266;17.388246117270867;
1750242336;4.4482236;-13.689952;-9.770173;17.39706176111442;
1750242347;4.437927;-13.69183;-9.773985;17.398050897618965;
1750242358;4.4346905;-13.68982;-9.772441;17.394776817226244;
1750242367;4.426348;-13.682142;-9.764757;17.382291493163063;
1750242379;4.4241257;-13.671198;-9.753147;17.366589146524973;
1750242388;4.4088106;-13.660637;-9.740284;17.347153753500944;
1750242397;4.4095554;-13.653038;-9.728981;17.335013645661114;
1750242408;4.395909;-13.648971;-9.723035;17.325005624095876;
1750242417;4.400429;-13.647065;-9.724307;17.325366049031224;
1750242427;4.3866367;-13.652076;-9.729822;17.328912078959842;
1750242436;4.3887315;-13.65873;-9.738302;17.339445993098746;
1750242447;4.3786845;-13.664533;-9.745586;17.345569612297528;
1750242456;4.377743;-13.667364;-9.750482;17.350313117595217;
1750242470;4.3675065;-13.668072;-9.750649;17.348385027986236;
1750242479;4.3649035;-13.665204;-9.749144;17.344624087830596;
1750242486;4.353616;-13.662272;-9.745753;17.33757105504904;
1750242496;4.3536553;-13.65714;-9.7425995;17.331763513682187;
1750242507;4.3387904;-13.654588;-9.740062;17.324597307640985;
1750242516;4.339426;-13.651568;-9.7386;17.321554898795945;
1750242527;4.3244405;-13.649793;-9.737477;17.315775744775863;
1750242557;4.3227615;-13.649064;-9.735499;17.31366989795126;
1750242559;4.3227615;-13.649064;-9.735499;17.31366989795126;
1750242561;4.310534;-13.648572;-9.734317;17.309567995844063;
1750242563;4.3111014;-13.647782;-9.735733;17.309883179342336;
1750242566;4.2983537;-13.647833;-9.73765;17.30783095215183;
1750242575;4.299803;-13.647165;-9.740575;17.309310291912176;
1750242586;4.291742;-13.64718;-9.742953;17.3086596314487;
1750242596;4.2920327;-13.647457;-9.744273;17.3096935471114;
1750242609;4.2873874;-13.647962;-9.743843;17.30869794918409;
1750242615;4.2886906;-13.646866;-9.741861;17.307041243300283;
1750242627;4.2841916;-13.644015;-9.736998;17.3009414172943;
1750242639;4.282559;-13.640247;-9.731509;17.294476863921712;
1750242646;4.283358;-13.6388235;-9.730376;17.292914304569592;
1750242658;4.2797;-13.639887;-9.73207;17.293800326424854;
1750242668;4.2844553;-13.643957;-9.738304;17.301696190992;
1750242676;4.2814283;-13.649356;-9.744457;17.30866811080934;
1750242686;4.2859883;-13.654287;-9.749433;17.31648619101215;
1750242697;4.2864428;-13.656039;-9.752133;17.3195006980762;
1750242706;4.306391;-13.732833;-9.835057;17.43169677266939;
1750242717;4.3137083;-13.771192;-9.87534;17.48645608977672;
1750242725;4.3094826;-13.770949;-9.88779;17.49225749033276;
1750242734;4.3094826;-13.770949;-9.88779;17.49225749033276;
1750242746;4.3176203;-13.713222;-9.824452;17.41304554358168;
1750242754;4.3176203;-13.713222;-9.824452;17.41304554358168;
1750242766;4.291141;-13.641767;-9.743421;17.304506087341966;
1750242776;4.2898064;-13.628245;-9.721251;17.281036485813452;
1750242786;4.2880716;-13.635256;-9.724523;17.28797556229635;
1750242794;4.3018613;-13.652898;-9.74541;17.317062256867757;
1750242805;4.3059707;-13.674867;-9.767759;17.347982136557537;
1750242814;4.317192;-13.6851015;-9.779511;17.365454067883412;
1750242825;4.3172884;-13.679274;-9.776333;17.35909529854585;
1750242836;4.3200245;-13.666365;-9.761875;17.34146306918608;
1750242846;4.320187;-13.650615;-9.745113;17.31965744162254;
1750242855;4.319931;-13.640938;-9.735553;17.306587658884663;
1750242866;4.32184;-13.6421585;-9.7361965;17.30838845011004;
1750242875;4.3260407;-13.647659;-9.742668;17.317413653878717;
1750242886;4.328053;-13.654472;-9.750334;17.327598416249522;
1750242897;4.335898;-13.657349;-9.753064;17.333362134782025;
1750242906;4.3373528;-13.652748;-9.747795;17.327136786207767;
1750242915;4.3372645;-13.644378;-9.7368145;17.314342705035347;
1750242925;4.335298;-13.635396;-9.7280035;17.30181740720031;
1750242935;4.3386674;-13.631982;-9.72442;17.29795653627862;
1750242945;4.3374357;-13.637108;-9.731254;17.305529643092946;
1750242957;4.3474884;-13.649235;-9.748631;17.32737898119692;
1750242966;4.347063;-13.663318;-9.76819;17.34937320764458;
1750242975;4.357595;-13.674809;-9.782121;17.3689070764457;
1750242986;4.354745;-13.678279;-9.786116;17.373174061808058;
1750242995;4.3587794;-13.672331;-9.78005;17.366086853464978;
1750243006;4.356472;-13.662556;-9.767914;17.35097740449209;
1750243016;4.3532796;-13.652521;-9.755309;17.335179036429775;
1750243026;4.3526816;-13.647671;-9.748501;17.327377832020012;
1750243035;4.351022;-13.650598;-9.752154;17.331321904785053;
1750243046;4.356288;-13.661117;-9.7663145;17.34889767558538;
1750243055;4.3556476;-13.675078;-9.782126;17.368633571965866;
1750243066;4.3605704;-13.682512;-9.791449;17.380971849037138;
1750243077;4.3550525;-13.680422;-9.791246;17.377828684716203;
1750243085;4.3530827;-13.675914;-9.784402;17.36992998235066;
1750243099;4.3481026;-13.668223;-9.775748;17.357752742020775;
1750243105;4.343744;-13.66366;-9.7693;17.34943652255172;
1750243118;4.3424215;-13.662919;-9.766433;17.346907230763264;
