1749756196;79.23317;-29.977068;-0.70255923;84.71725532637598;
1749756197;79.23317;-29.977068;-0.70255923;84.71725532637598;
1749756200;79.23317;-29.977068;-0.70255923;84.71725532637598;
1749756212;80.189476;-29.920023;-0.86833006;85.59388900242472;
1749756220;80.177666;-29.893324;-0.9116091;85.5739441865422;
1749756231;80.99027;-29.869278;-0.9393537;86.32774984942469;
1749756238;80.99027;-29.869278;-0.9393537;86.32774984942469;
1749756254;81.70578;-29.804493;-0.97226167;86.9775119383065;
1749756260;81.711;-29.748377;-0.9958466;86.9634688654458;
1749756271;82.43812;-29.673351;-1.0371789;87.62206807026732;
1749756281;82.45007;-29.585167;-1.0909646;87.60414878102587;
1749756292;83.153015;-29.497969;-1.1499683;88.23761391388736;
1749756299;83.16271;-29.42084;-1.2091907;88.22179215622243;
1749756311;83.774605;-29.354815;-1.268759;88.77780856972132;
1749756327;83.77704;-29.30397;-1.3157113;88.76399025445032;
1749756331;84.31349;-29.245121;-1.3924456;89.25234400384784;
1749756343;84.317955;-29.195986;-1.4731507;89.24176879592348;
1749756351;84.72692;-29.153967;-1.5404947;89.61572443516603;
1749756362;84.72215;-29.11656;-1.5984198;89.600067917516;
1749756372;85.00678;-29.084684;-1.6523778;89.8599037054512;
1749756380;85.00485;-29.05669;-1.7019792;89.849946538971;
1749756391;85.17008;-29.027;-1.746412;89.99755325795927;
1749756400;85.16923;-28.995949;-1.7868751;89.98752857503358;
1749756416;85.253845;-28.964228;-1.8266468;90.05821032729835;
1749756431;85.25674;-28.928091;-1.8699869;90.0502219036712;
1749756434;85.212746;-28.892181;-1.9133819;89.9979510894422;
1749756442;85.21813;-28.860603;-1.9505746;89.99371750819316;
1749756451;85.04167;-28.831469;-1.9847469;89.81803123830271;
1749756461;85.04649;-28.8026;-2.0190902;89.81410024749427;
1749756471;84.78026;-28.774118;-2.0510764;89.55360954392056;
1749756479;84.78127;-28.748861;-2.0779893;89.5470786738658;
1749756491;84.41361;-28.731201;-2.103201;89.19396463599695;
1749756501;84.41189;-28.715809;-2.125622;89.18790727679418;
1749756511;83.97622;-28.700647;-2.1467664;88.77128562733985;
1749756524;83.976746;-28.686487;-2.1699438;88.76777008788689;
1749756531;83.50036;-28.673933;-2.1972644;88.31382841659611;
1749756540;83.5055;-28.665033;-2.2255085;88.31650857593345;
1749756550;82.99465;-28.65583;-2.2496023;87.83125612231719;
1749756561;82.998695;-28.643757;-2.2697725;87.83165778049288;
1749756571;82.45045;-28.631737;-2.2863467;87.31025114412267;
1749756580;82.45369;-28.617304;-2.2997198;87.30893262039932;
1749756591;81.89348;-28.600824;-2.311322;86.7749454998934;
1749756599;81.88985;-28.581327;-2.3179023;86.76526931064862;
1749756611;81.26581;-28.561117;-2.3216834;86.16994368689649;
1749756619;81.26218;-28.5444;-2.3258963;86.16109246269133;
1749756631;80.596954;-28.529623;-2.3284504;85.52911855963063;
1749756641;80.59219;-28.515364;-2.3290582;85.51989329006946;
1749756651;79.90306;-28.499144;-2.3315809;84.86540283665418;
1749756663;79.8995;-28.484575;-2.3404288;84.85740046629732;
1749756670;79.20119;-28.472475;-2.350582;84.19640796480923;
1749756681;79.19861;-28.461596;-2.3558922;84.19045207523948;
1749756694;78.513214;-28.455923;-2.3532577;83.54401337048274;
1749756707;78.51405;-28.45965;-2.3429756;83.54578258499062;
1749756710;77.80818;-28.470955;-2.324077;82.88612522760305;
1749756719;77.80882;-28.483494;-2.3005114;82.89037731369274;
1749756730;77.10733;-28.495718;-2.271656;82.23567811505112;
1749756739;77.10349;-28.510897;-2.2424767;82.23654007573496;
1749756750;76.37837;-28.53962;-2.2086875;81.56619347214708;
1749756759;76.35992;-28.567516;-2.1537647;81.55721039874287;
1749756770;75.52251;-28.595276;-2.055428;80.78096067338886;
1749756779;75.500084;-28.647522;-1.9069821;80.77487089558572;
1749756790;74.66397;-28.730682;-1.7508479;80.02016080794199;
1749756799;74.662865;-28.815237;-1.618303;80.0467373061851;
1749756810;73.85268;-28.892979;-1.4981346;79.31750395620885;
1749756819;73.832184;-28.974304;-1.3916447;79.32615173520801;
1749756831;73.07156;-29.067738;-1.3161283;78.65188482262388;
1749756839;73.018906;-29.158323;-1.2370428;78.63522539313061;
1749756850;72.44645;-29.249609;-1.1939173;78.13739871521946;
1749756865;72.372955;-29.3237;-1.1538469;78.09644936539169;
1749756871;71.85944;-29.388563;-1.1604903;77.64543789455703;
1749756880;71.778175;-29.435106;-1.2048225;77.58855286747792;
1749756891;71.40484;-29.464582;-1.2551934;77.25534349787038;
1749756899;71.34236;-29.484468;-1.2944335;77.20584159041306;
1749756910;71.15097;-29.488503;-1.3494301;77.03150873924243;
1749756920;71.13281;-29.481634;-1.4142516;77.0132707604188;
1749756930;71.174995;-29.47194;-1.4873977;77.04990278220438;
1749756940;71.184906;-29.456957;-1.5684276;77.05493570002454;
1749756950;71.39112;-29.439127;-1.6486131;77.24035387462197;
1749756959;71.40563;-29.415527;-1.720968;77.24635437245294;
1749756970;71.855576;-29.384508;-1.7938256;77.65237193975555;
1749756980;71.86762;-29.341574;-1.8852817;77.64945190412759;
1749756990;72.403404;-29.28013;-2.0018137;78.12545192362145;
1749757000;72.41648;-29.20341;-2.1307652;78.11226531079184;
1749757010;73.023254;-29.11843;-2.2605665;78.64724255362424;
1749757019;73.041985;-29.032833;-2.3913832;78.63685916561678;
1749757030;73.67212;-28.962126;-2.5244217;79.20074856427259;
1749757039;73.694046;-28.891544;-2.638171;79.19907637935046;
1749757050;74.365425;-28.843945;-2.7419925;79.81045114315606;
1749757060;74.40775;-28.827011;-2.8298583;79.84684322243164;
1749757070;74.93395;-28.830809;-2.8816912;80.34063033800216;
1749757079;74.968506;-28.85488;-2.8929536;80.38190166641678;
1749757090;75.39201;-28.872341;-2.8943708;80.78332237050911;
1749757113;75.44824;-28.882275;-2.8952854;80.83938219837322;
1749757113;75.79431;-28.882996;-2.8961186;81.16275375835633;
1749757127;75.847534;-28.869707;-2.8875089;81.20742661286454;
1749757128;75.847534;-28.869707;-2.8875089;81.20742661286454;
1749757132;76.11584;-28.850988;-2.8750293;81.45100356406343;
1749757147;76.15757;-28.830513;-2.8602026;81.48223542178235;
1749757153;76.28827;-28.81821;-2.8275802;81.59892441525504;
1749757153;76.28827;-28.81821;-2.8275802;81.59892441525504;
1749757160;76.30506;-28.810352;-2.7797263;81.6102056447995;
1749757171;76.32911;-28.802713;-2.7278242;81.62824409370415;
1749757188;76.33235;-28.79673;-2.6731157;81.62735523393906;
1749757192;76.30844;-28.786625;-2.6314468;81.60007646242717;
1749757200;76.30793;-28.768507;-2.5994415;81.5921826601853;
1749757212;76.16178;-28.743458;-2.5718467;81.44579604869587;
1749757220;76.15996;-28.710526;-2.5482767;81.43173321453656;
1749757232;75.72458;-28.673733;-2.5288432;81.01104764868003;
1749757243;74.94299;-28.601498;-2.4997995;80.25426399706207;
1749757252;74.94299;-28.601498;-2.4997995;80.25426399706207;
1749757260;74.94382;-28.57192;-2.4905078;80.24420846188015;
1749757271;74.1136;-28.545357;-2.477049;79.45941806341546;
1749757281;74.11326;-28.52569;-2.4653494;79.45167089063666;
1749757291;73.18295;-28.508423;-2.4569995;78.57806063136677;
1749757301;73.186905;-28.497421;-2.4514925;78.57757876358309;
1749757312;72.158714;-28.492311;-2.4462547;77.61878654147398;
1749757324;72.16194;-28.485607;-2.440362;77.61914059211966;
1749757331;71.16575;-28.462566;-2.4441166;76.68542993207102;
1749757339;71.16575;-28.462566;-2.4441166;76.68542993207102;
1749757354;70.169655;-28.432365;-2.4530766;75.75089074906833;
1749757357;70.169655;-28.432365;-2.4530766;75.75089074906833;
1749757362;69.21645;-28.416296;-2.4558399;74.86277092445114;
1749757371;69.2148;-28.394495;-2.4560692;74.85297510114545;
1749757379;69.2148;-28.394495;-2.4560692;74.85297510114545;
1749757391;68.29122;-28.358778;-2.4642222;73.98637462958678;
1749757401;68.29122;-28.358778;-2.4642222;73.98637462958678;
1749757411;67.39032;-28.340603;-2.4702857;73.14880237247773;
1749757422;66.49935;-28.333696;-2.4626014;72.32583567169789;
1749757431;66.4984;-28.332;-2.4507084;72.32389059424936;
1749757441;65.65716;-28.32936;-2.4381564;71.54970002834035;
1749757450;65.65419;-28.321836;-2.4259944;71.54358491732991;
1749757460;64.840485;-28.310152;-2.4102526;70.79238993290649;
1749757470;64.833595;-28.30528;-2.3772264;70.78301488499258;
1749757480;64.03976;-28.29565;-2.3686514;70.05244316514538;
1749757490;64.0717;-28.281427;-2.383829;70.07642008206162;
1749757499;63.28346;-28.263107;-2.4095812;69.34987715914757;
1749757510;63.287815;-28.253605;-2.4208698;69.35037375033505;
1749757520;62.549118;-28.256653;-2.4232988;68.6782569256703;
1749757530;62.555553;-28.271027;-2.416271;68.68978509781753;
1749757540;61.88198;-28.291351;-2.406313;68.0850237644706;
1749757550;61.888172;-28.304752;-2.3939419;68.09578412305422;
1749757559;61.26364;-28.309286;-2.3776228;67.53001201864903;
1749757570;61.265617;-28.303795;-2.359128;67.52885427903058;
1749757579;60.684887;-28.29383;-2.3357968;66.99740527983022;
1749757590;60.681355;-28.287056;-2.3055096;66.99029553959117;
1749757601;60.12425;-28.285845;-2.2753253;66.48451984990155;
1749757610;60.127407;-28.291956;-2.2576818;66.48937494153903;
1749757620;59.608837;-28.299284;-2.2563741;66.02389084068842;
1749757630;59.61504;-28.304459;-2.2687244;66.03213203924042;
1749757639;59.16135;-28.311253;-2.281629;65.62620069878332;
1749757650;59.16516;-28.322865;-2.2829528;65.6346922032635;
1749757660;58.728134;-28.342215;-2.2724786;65.24905384604352;
1749757671;58.725;-28.366909;-2.2501361;65.25618810635773;
1749757679;58.327774;-28.396757;-2.2193618;64.91094366408275;
1749757690;58.32482;-28.430008;-2.187703;64.92176980700184;
1749757699;57.95228;-28.4654;-2.161974;64.60201010370513;
1749757710;57.95379;-28.497406;-2.1469696;64.6169734564318;
1749757721;57.60826;-28.522831;-2.1427846;64.31838897164354;
1749757730;57.61539;-28.540697;-2.1479425;64.33287108818826;
1749757740;57.317738;-28.547684;-2.1558447;64.06981311876773;
1749757750;57.322876;-28.545938;-2.1572073;64.07367835332408;
1749757759;57.061657;-28.542114;-2.147724;63.83805838534041;
1749757771;57.06294;-28.532013;-2.137375;63.83434112391997;
1749757781;56.853912;-28.515905;-2.1258922;63.639953072282964;
1749757790;56.849056;-28.503113;-2.1125958;63.62944047931078;
1749757799;56.669785;-28.496218;-2.0926437;63.46556596355335;
1749757810;56.660606;-28.499266;-2.0622835;63.45774557063606;
1749757819;56.51256;-28.506784;-2.023905;63.32773951157873;
1749757830;56.50756;-28.514172;-1.988774;63.32548952434969;
1749757841;56.385277;-28.512974;-1.9565084;63.214848242983905;
1749757850;56.37439;-28.511673;-1.9241484;63.20355726705408;
1749757859;56.29171;-28.508987;-1.8887749;63.12754104248193;
1749757872;56.283962;-28.507935;-1.8458939;63.11888833098253;
1749757879;56.22971;-28.50056;-1.7954471;63.06572633793239;
1749757890;56.21757;-28.483757;-1.7392846;63.04573612203745;
1749757900;56.19463;-28.466658;-1.67075;63.015699681932816;
1749757910;56.174072;-28.45935;-1.6043035;62.99233937813643;
1749757919;56.22555;-28.466616;-1.5425404;63.03998962871345;
1749757930;56.209957;-28.484495;-1.4881524;63.032851291659775;
1749757940;56.308624;-28.507175;-1.4422476;63.13002690491165;
1749757950;56.29847;-28.531368;-1.4016799;63.13098568801828;
1749757961;56.470154;-28.548334;-1.3610061;63.29089974084534;
1749757970;56.45763;-28.55305;-1.3164138;63.28090992060978;
1749757979;56.663605;-28.550127;-1.2544569;63.46217390831183;
1749757990;56.64446;-28.549225;-1.1721338;63.44309928448491;
1749757999;56.97048;-28.553204;-1.0695914;63.734333489883326;
1749758010;56.9346;-28.620308;-0.94414055;63.73038677613638;
1749758020;57.320778;-28.650503;-0.8818989;64.08822555774185;
1749758030;57.297016;-28.657825;-0.8254498;64.06949654135373;
1749758040;57.758812;-28.656147;-0.8147578;64.48192730784042;
1749758050;57.764645;-28.68704;-0.8039541;64.50075033260784;
1749758062;58.342754;-28.766445;-0.76643455;65.05361462545905;
1749758071;58.35933;-28.859606;-0.7278623;65.10927689097046;
1749758081;58.96071;-28.930376;-0.7251818;65.67996428123956;
1749758094;58.979816;-28.957554;-0.7527705;65.70940066744326;
1749758100;59.57108;-28.93927;-0.7918586;66.23308744752404;
1749758112;59.583614;-28.886612;-0.8306278;66.22184979867708;
1749758120;60.361313;-28.807905;-0.8648574;66.88894879619787;
1749758131;60.364986;-28.725355;-0.8901068;66.85708566752804;
1749758144;61.072876;-28.656393;-0.90380204;67.46778417046876;
1749758151;61.07138;-28.62524;-0.9068757;67.453245567258;
1749758162;61.717255;-28.624147;-0.88850474;68.03786281225256;
1749758171;61.716007;-28.643673;-0.871481;68.04472813929377;
1749758183;62.337196;-28.663889;-0.8705803;68.61707140020592;
1749758194;62.340866;-28.67324;-0.8796999;68.62442849771843;
1749758201;62.956947;-28.675634;-0.8797446;69.18557056618138;
1749758213;62.959366;-28.671785;-0.8777235;69.1861505039848;
1749758220;63.548832;-28.663206;-0.8832934;69.71953551244341;
1749758232;63.560177;-28.648499;-0.8982777;69.72402349454352;
1749758242;64.1103;-28.629063;-0.91599125;70.21817854427523;
1749758251;64.12007;-28.60851;-0.933295;70.21895319781042;
1749758264;64.64681;-28.593817;-0.9462057;70.69449780883726;
1749758271;64.6494;-28.58819;-0.9556024;70.69471376008462;
1749758281;65.14834;-28.593788;-0.9546514;71.15351056341893;
1749758291;65.14473;-28.61054;-0.9410338;71.15675907810586;
1749758305;65.610016;-28.632671;-0.9312991;71.59169902535392;
1749758315;65.60836;-28.649618;-0.9332926;71.59698733335185;
1749758339;66.0455;-28.649485;-0.94009656;71.99781279556271;
1749758342;66.04263;-28.635391;-0.93843746;71.98955255539195;
1749758356;66.45157;-28.617043;-0.9240244;72.35744546891843;
1749758359;66.4509;-28.600033;-0.90176535;72.34982237838912;
1749758364;66.80861;-28.590467;-0.8695698;72.67435048536761;
1749758371;66.802704;-28.58773;-0.8330868;72.66741777525895;
1749758384;67.14658;-28.591938;-0.8005158;72.98495343949195;
1749758391;67.13773;-28.608112;-0.7621548;72.98273922938813;
1749758402;67.451065;-28.680965;-0.7229447;73.29915828187927;
1749758410;67.45001;-28.710909;-0.7667305;73.31035610093294;
1749758420;67.78039;-28.71167;-0.82118946;73.61531989189383;
1749758431;67.7992;-28.690487;-0.86852753;73.62492897263017;
1749758440;68.08383;-28.702204;-0.8788171;73.8917923075331;
1749758451;68.10251;-28.747314;-0.85940605;73.92630341863234;
1749758460;68.37001;-28.793087;-0.82924885;74.1902138544698;
1749758472;68.59867;-28.851751;-0.76598984;74.4230337496784;
1749758481;68.59867;-28.851751;-0.76598984;74.4230337496784;
1749758491;68.83048;-28.866247;-0.7319844;74.64202131540289;
1749758502;68.83636;-28.84405;-0.76222193;74.63916017923518;
1749758512;69.12483;-28.804243;-0.80440193;74.89041262108006;
1749758520;69.12483;-28.804243;-0.80440193;74.89041262108006;
1749758532;69.43603;-28.756859;-0.8537865;75.16014768257251;
1749758541;69.43603;-28.756859;-0.8537865;75.16014768257251;
1749758552;69.73575;-28.769007;-0.87170094;75.44196577781871;
1749758561;69.7379;-28.775116;-0.88349944;75.44642162444015;
1749758572;70.04494;-28.76833;-0.8979463;75.7279097478369;
1749758582;70.04373;-28.7532;-0.9100844;75.72119348916469;
1749758591;70.31752;-28.72215;-0.9157667;75.962847591903;
1749758600;70.31307;-28.69168;-0.91426456;75.94719583942003;
1749758613;70.554756;-28.671192;-0.9145252;76.16329322057379;
1749758621;70.55855;-28.657568;-0.91833067;76.16172415179471;
1749758632;70.7868;-28.64951;-0.9199946;76.37022554139772;
1749758640;70.78658;-28.645544;-0.9210334;76.36855257116434;
1749758652;71.016716;-28.643631;-0.923442;76.58122676511513;
1749758665;71.01485;-28.640896;-0.92521286;76.5784917573609;
1749758672;71.21676;-28.637972;-0.9240544;76.76466656945212;
1749758682;71.21324;-28.632168;-0.92005736;76.75919042901091;
1749758691;71.41953;-28.622366;-0.9141739;76.94689862827498;
1749758700;71.41653;-28.61309;-0.9108675;76.94061949212708;
1749758715;71.63903;-28.606752;-0.91062343;77.14483911715566;
1749758721;71.637825;-28.606281;-0.9095435;77.14353226670401;
1749758732;71.861084;-28.608799;-0.90482503;77.351777477097;
1749758741;71.85971;-28.611988;-0.8990035;77.35161336015305;
1749758751;72.05321;-28.618408;-0.89860564;77.53376990993604;
1749758760;72.057365;-28.624744;-0.9008186;77.539998567669;
1749758771;72.240555;-28.62816;-0.89811003;77.71149164121779;
1749758782;72.23574;-28.630882;-0.88460463;77.70786429607834;
1749758792;72.425545;-28.641588;-0.8482414;77.88786567504006;
1749758802;72.41354;-28.687998;-0.79004073;77.8931748905129;
1749758813;72.6857;-28.713047;-0.801248;78.15556265806055;
1749758821;72.69307;-28.66289;-0.84877217;78.14450713131893;
1749758831;72.98167;-28.600815;-0.9027538;78.39097669563836;
1749758839;72.99159;-28.582077;-0.91653085;78.39354385457001;
1749758851;73.23011;-28.6414;-0.88225967;78.63686906313066;
1749758862;73.243645;-28.72446;-0.8461579;78.67936267607593;
1749758871;73.49902;-28.791441;-0.8411778;78.94150428742668;
1749758883;73.49331;-28.829798;-0.8318834;78.95008384290428;
1749758891;73.74193;-28.852793;-0.8247761;79.18987223451245;
1749758900;73.745415;-28.855633;-0.84822774;79.19440149290448;
1749758911;74.002304;-28.820045;-0.88981813;79.42120501475775;
1749758921;74.003296;-28.760769;-0.9311587;79.40111263428318;
1749758935;74.2589;-28.697224;-0.964402;79.61686672288272;
1749758940;74.2551;-28.663477;-0.9854754;79.60141593574295;
1749758951;74.49679;-28.647135;-0.9845754;79.82104450507745;
1749758960;74.49324;-28.66734;-0.9756539;79.82487772168426;
1749758972;74.7336;-28.69536;-0.97295713;80.05923327503187;
1749758985;74.73616;-28.715073;-0.9749564;80.06871792009112;
1749758992;74.970825;-28.715652;-0.9754523;80.28801177137862;
1749759009;74.96684;-28.699184;-0.9701553;80.2783400716596;
1749759012;75.189896;-28.668713;-0.96956384;80.47580718410303;
1749759021;75.1909;-28.628471;-0.9729185;80.46246201806156;
1749759032;75.39849;-28.594645;-0.9751869;80.64451076835255;
1749759042;75.39847;-28.571846;-0.97402525;80.63639431985058;
1749759051;75.64798;-28.561783;-0.9746285;80.86619922897164;
1749759060;75.649704;-28.565466;-0.97650856;80.86913579841155;
1749759072;75.91272;-28.580164;-0.9742267;81.12037910233371;
1749759080;75.91445;-28.601824;-0.96880555;81.12956841291016;
1749759092;76.17409;-28.624634;-0.9575128;81.38045281570626;
1749759102;76.17111;-28.644445;-0.93801403;81.38441150639132;
1749759111;76.3871;-28.655823;-0.9032723;81.59020258877705;
1749759121;76.36792;-28.726543;-0.8624612;81.59667474699462;
1749759132;76.604965;-28.664688;-0.9027681;81.79731064944089;
1749759139;76.610085;-28.585775;-0.9356103;81.77485538167043;
1749759151;76.82614;-28.518003;-0.97171104;81.95411362325332;
1749759161;76.840256;-28.53557;-0.9587794;81.97330616232566;
1749759171;76.95737;-28.615747;-0.9092509;82.11043822989598;
1749759180;76.97234;-28.718607;-0.88061666;82.16006040760395;
1749759191;77.07595;-28.813679;-0.87898904;82.2903570822293;
1749759200;77.078964;-28.883976;-0.8727275;82.31775294050024;
1749759211;77.1558;-28.91912;-0.8705792;82.40200791374956;
1749759223;77.155174;-28.918137;-0.89901674;82.40138208607908;
1749759231;77.241234;-28.883228;-0.9508408;82.47031695241427;
1749759240;77.24119;-28.836674;-0.9990044;82.45455047053368;
1749759252;77.30825;-28.800484;-1.0309695;82.50512919688653;
1749759260;77.318665;-28.769232;-1.0486646;82.50420767114554;
1749759272;77.36717;-28.735426;-1.0665599;82.53812207168569;
1749759281;77.393364;-28.684418;-1.097323;82.5453373712994;
1749759291;77.444336;-28.614712;-1.1354805;82.56946296307727;
1749759301;77.47131;-28.521608;-1.1810402;82.56319646600646;
1749759311;77.51462;-28.406082;-1.2432091;82.56492635191826;
1749759320;77.5398;-28.28242;-1.3118625;82.5471816532688;
1749759331;77.56293;-28.157476;-1.3811375;82.52732094515078;
1749759341;77.58437;-28.045292;-1.4518628;82.51049212547883;
1749759352;77.53785;-27.949419;-1.5104685;82.4352450856685;
1749759360;77.54019;-27.88629;-1.5517348;82.41683292597311;
1749759372;77.44344;-27.866566;-1.5831137;82.31973422546407;
1749759380;77.437675;-27.877607;-1.6055752;82.31848180200814;
1749759392;77.27112;-27.903286;-1.613708;82.17069504628839;
1749759405;77.256874;-27.930288;-1.6079248;82.16636185737158;
1749759411;77.02515;-27.95016;-1.5934896;81.95501078270512;
1749759430;77.00514;-27.951757;-1.573099;81.93636134878093;
1749759435;76.74951;-27.939882;-1.5602859;81.69185432446871;
1749759441;76.73248;-27.922312;-1.5647922;81.66993328849694;
1749759451;76.45262;-27.904285;-1.5797678;81.40115564219562;
1749759461;76.441795;-27.894798;-1.5969373;81.38807072260991;
1749759471;76.10664;-27.903248;-1.6028366;81.0763932139291;
1749759480;76.10384;-27.927927;-1.5987234;81.08218083068424;
1749759491;75.69597;-27.957409;-1.5917305;80.70954085552665;
1749759500;75.69628;-27.980059;-1.5902797;80.71765417489573;
1749759511;75.27612;-27.987104;-1.6044152;80.32650162069024;
1749759522;75.281265;-27.981382;-1.6295896;80.32983393750064;
1749759531;74.85762;-27.967342;-1.6592553;79.92864740216352;
1749759540;74.86215;-27.951756;-1.6808785;79.9278912923377;
1749759552;74.3721;-27.93216;-1.6843361;79.46226714574355;
1749759560;74.3721;-27.93216;-1.6843361;79.46226714574355;
1749759573;73.79822;-27.914381;-1.650446;78.91839827858104;
1749759582;73.19386;-27.908884;-1.640326;78.35137552537343;
1749759591;73.19348;-27.904829;-1.634686;78.34945696883369;
1749759599;73.19348;-27.904829;-1.634686;78.34945696883369;
1749759612;72.57998;-27.907269;-1.610323;77.7770025125573;
1749759619;72.57998;-27.907269;-1.610323;77.7770025125573;
1749759632;71.97809;-27.925707;-1.5649526;77.22136613127182;
1749759641;71.38898;-27.929558;-1.5464634;76.67357949276027;
1749759651;71.38439;-27.924282;-1.5328947;76.66711606724799;
1749759660;70.79415;-27.91345;-1.5252234;76.11372326894704;
1749759671;70.790565;-27.90389;-1.5207975;76.10679403749414;
1749759681;70.22525;-27.904898;-1.5166037;75.58153990055632;
1749759691;70.24965;-27.902046;-1.5382562;75.60359519053573;
1749759701;69.727005;-27.897636;-1.5814347;75.11746987359062;
1749759712;69.7339;-27.886591;-1.6252489;75.12070602881764;
1749759724;69.25365;-27.87915;-1.6545656;74.67296844135265;
1749759735;69.24926;-27.877716;-1.6722974;74.66875943038295;
1749759745;68.79847;-27.884493;-1.6819232;74.25364112187484;
1749759756;68.796196;-27.89385;-1.6862572;74.25514750764931;
1749759768;68.39725;-27.90472;-1.6896553;73.8898625700364;
1749759775;68.39273;-27.916733;-1.690585;73.89024063858339;
1749759785;68.05152;-27.933193;-1.6837499;73.5806214156846;
1749759793;68.04997;-27.974958;-1.689635;73.59518956463829;
1749759800;67.76306;-28.01119;-1.7065737;73.34420010703337;
1749759811;67.77865;-28.006641;-1.7174529;73.3571181411927;
1749759821;67.50688;-27.96349;-1.7229409;73.08970071756082;
1749759831;67.50794;-27.94558;-1.7358229;73.08413477927867;
1749759840;67.27838;-27.957909;-1.744115;72.87706901941537;
1749759850;67.27072;-27.977339;-1.7377071;72.87730150312272;
1749759860;67.054924;-27.998705;-1.7294505;72.68618376082917;
1749759871;67.04912;-28.040403;-1.7435141;72.69723717186771;
1749759881;66.908905;-28.068735;-1.7783436;72.57973525315495;
1749759890;66.915825;-28.052895;-1.8135223;72.58086096903834;
1749759900;66.78698;-28.01144;-1.8379163;72.44666573905177;
1749759911;66.79229;-27.966204;-1.859461;72.43463337193386;
1749759920;66.67107;-27.912651;-1.8785238;72.30266952572502;
1749759931;66.68061;-27.86091;-1.8977944;72.29201747219079;
1749759942;66.5788;-27.825117;-1.9105723;72.18464904003766;
1749759951;66.571785;-27.809246;-1.9100581;72.17205167665017;
1749759960;66.483406;-27.801344;-1.8924309;72.08702588268596;
1749759971;66.47873;-27.804985;-1.8748293;72.08365709881934;
1749759981;66.383354;-27.80638;-1.8723065;71.9961802834772;
1749759991;66.392685;-27.798473;-1.8879551;72.00213961035526;
1749760001;66.30722;-27.782072;-1.9159445;71.91774368338695;
1749760011;66.320724;-27.764383;-1.9412929;71.9240439317378;
1749760020;66.19125;-27.75366;-1.9593064;71.80102086586798;
1749760031;66.20282;-27.751139;-1.9660343;71.81089291989373;
1749760040;66.04798;-27.750214;-1.9610687;71.6676773418643;
1749760051;66.05005;-27.74532;-1.9515421;71.66742784323144;
1749760061;65.890854;-27.738653;-1.9352249;71.5177083040341;
1749760071;65.886345;-27.730743;-1.912374;71.50987169557962;
1749760081;65.673454;-27.723978;-1.8836865;71.31037674264186;
1749760091;65.67112;-27.721798;-1.8644792;71.30687431908406;
1749760101;65.47282;-27.72176;-1.8610445;71.12418118391213;
1749760111;65.47625;-27.726074;-1.8658913;71.12915025617532;
1749760123;65.29078;-27.734442;-1.8717711;70.96188148511095;
1749760131;65.29533;-27.744398;-1.8761988;70.9700738097386;
1749760141;65.13277;-27.755318;-1.8832799;70.82500761942765;
1749760151;65.139404;-27.762537;-1.8936297;70.8342169173775;
1749760161;64.999054;-27.765705;-1.9094139;70.7068402405713;
1749760172;65.00306;-27.764301;-1.9246137;70.71038321438807;
1749760184;64.89659;-27.764116;-1.937628;70.61280410256566;
1749760191;64.89605;-27.766108;-1.9432825;70.61324462484998;
1749760210;64.78824;-27.771334;-1.9436392;70.5162432321308;
1749760213;64.78617;-27.77626;-1.9404818;70.51619712952608;
1749760221;64.695305;-27.778679;-1.9350516;70.4335282230015;
1749760249;64.69764;-27.777704;-1.9310802;70.43517925010006;
