1718203446;327.4;-50.7;-0.4;331.3025899095641;
1718203457;327.4;-50.7;-0.4;331.3025899095641;
1718203470;327.4;-50.7;-0.4;331.3025899095641;
1718203483;327.4;-50.7;-0.4;331.3025899095641;
1718203486;327.4;-50.7;-0.4;331.3025899095641;
1718203503;327.4;-50.7;-0.4;331.3025899095641;
1718203505;327.4;-50.7;-0.4;331.3025899095641;
1718203515;327.4;-50.7;-0.4;331.3025899095641;
1718203525;327.4;-50.7;-0.4;331.3025899095641;
1718203536;327.4;-50.7;-0.4;331.3025899095641;
1718203545;327.4;-50.7;-0.4;331.3025899095641;
1718203555;327.4;-50.7;-0.4;331.3025899095641;
1718203566;327.4;-50.7;-0.4;331.3025899095641;
1718203580;327.4;-50.7;-0.4;331.3025899095641;
1718203585;327.4;-50.7;-0.4;331.3025899095641;
1718203596;327.4;-50.7;-0.4;331.3025899095641;
1718203605;327.4;-50.7;-0.4;331.3025899095641;
1718203617;327.4;-50.7;-0.4;331.3025899095641;
1718203625;327.4;-50.7;-0.4;331.3025899095641;
1718203635;327.4;-50.7;-0.4;331.3025899095641;
1718203645;327.4;-50.7;-0.4;331.3025899095641;
1718203655;327.1;-50.7;-0.4;331.00613902205316;
1718203665;327.0;-51.0;-0.4;330.9534106184808;
1718203675;327.1;-51.0;-0.4;331.05222245580035;
1718203685;327.1;-51.0;-0.4;331.05222245580035;
1718203696;327.0;-51.100002;-0.4;330.9688357442767;
1718203705;327.0;-51.100002;-0.4;330.9688357442767;
1718203715;327.0;-51.100002;-0.4;330.9688357442767;
1718203725;327.0;-51.100002;-0.4;330.9688357442767;
1718203735;327.0;-51.2;-0.5;330.98442573348524;
1718203746;327.0;-51.2;-0.5;330.98442573348524;
1718203755;327.0;-51.3;-0.5;330.99990924730236;
1718203765;326.9;-51.3;-0.5;330.9011120127038;
1718203775;326.9;-51.2;-0.5;330.88562387575337;
1718203785;326.9;-51.3;-0.4;330.900976020393;
1718203795;326.9;-51.3;-0.4;330.900976020393;
1718203805;326.80002;-51.4;-0.4;330.8177324821614;
1718203815;326.80002;-51.4;-0.4;330.8177324821614;
1718203825;326.7;-51.4;-0.4;330.71894129750035;
1718203835;326.6;-51.5;-0.3;330.6356060481442;
1718203845;326.6;-51.5;-0.3;330.6356060481442;
1718203855;326.6;-51.5;-0.3;330.6356060481442;
1718203866;326.5;-51.600002;-0.2;330.55234114464724;
1718203875;326.4;-51.600002;-0.2;330.45356141496234;
1718203885;326.30002;-51.600002;-0.2;330.3548125662323;
1718203895;326.2;-51.600002;-0.2;330.2560343128867;
1718203905;326.0;-51.600002;-0.1;330.05843457819157;
1718203915;326.0;-51.600002;-0.1;330.05843457819157;
1718203925;325.80002;-51.600002;-0.1;329.8609133670721;
1718203939;325.6;-51.600002;-0.2;329.66341048229276;
1718203948;325.6;-51.600002;-0.1;329.6633649813333;
1718203955;325.5;-51.600002;-0.1;329.5645919030234;
1718203965;325.5;-51.600002;-0.1;329.5645919030234;
1718203975;325.4;-51.600002;-0.1;329.46581956864424;
1718203985;325.30002;-51.600002;-0.2;329.3671236614993;
1718203995;325.1;-51.7;-0.2;329.18527313261603;
1718204005;325.0;-51.7;-0.2;329.0865085032948;
1718204015;324.80002;-51.7;-0.2;328.88901163374356;
1718204025;324.80002;-51.7;-0.2;328.88901163374356;
1718204036;324.6;-51.7;-0.3;328.691563690487;
1718204046;324.4;-51.7;-0.4;328.4941492917824;
1718204055;324.30002;-51.8;-0.4;328.4111779418984;
1718204069;324.30002;-51.9;-0.3;328.4268594902287;
1718204075;324.30002;-51.9;-0.3;328.4268594902287;
1718204087;324.30002;-52.0;-0.3;328.44267669751474;
1718204095;324.4;-52.2;-0.2;328.57303011612373;
1718204105;324.5;-52.100002;-0.2;328.655899442709;
1718204115;324.6;-51.9;-0.1;328.7229595279115;
1718204125;324.7;-51.8;-0.1;328.8059425378532;
1718204136;324.80002;-51.7;0.0;328.888950822948;
1718204145;324.9;-51.600002;0.0;328.97198402013146;
1718204155;325.0;-51.600002;0.0;329.0707526295919;
1718204167;325.1;-51.7;0.0;329.18521237654926;
1718204175;325.1;-51.7;0.0;329.18521237654926;
1718204185;325.2;-51.8;0.0;329.299693076706;
1718204195;325.2;-51.8;0.0;329.299693076706;
1718204205;325.2;-51.9;0.0;329.3154385962485;
1718204216;325.30002;-52.0;0.0;329.42996511070777;
1718204225;325.4;-52.100002;0.0;329.5444829857222;
1718204236;325.5;-52.100002;0.0;329.6432317498645;
1718204245;325.6;-52.2;0.0;329.75779604773606;
1718204255;325.6;-52.2;0.0;329.75779604773606;
1718204265;325.7;-52.2;0.0;329.8565415924189;
1718204275;325.80002;-52.2;0.0;329.95528789641116;
1718204285;325.9;-52.2;0.0;330.0540048255428;
1718204295;326.0;-52.3;0.0;330.168578032793;
1718204305;326.0;-52.3;0.0;330.168578032793;
1718204315;326.0;-52.3;0.0;330.168578032793;
1718204325;326.0;-52.3;0.0;330.168578032793;
1718204335;326.1;-52.4;0.0;330.28317265738053;
1718204345;326.1;-52.4;0.0;330.28317265738053;
1718204355;326.1;-52.4;0.1;330.28318779590546;
1718204365;326.1;-52.4;0.1;330.28318779590546;
1718204375;326.1;-52.4;0.1;330.28318779590546;
1718204385;326.2;-52.4;0.2;330.3819730611533;
1718204396;326.2;-52.4;0.2;330.3819730611533;
1718204405;326.30002;-52.4;0.2;330.480713672336;
1718204415;326.30002;-52.3;0.2;330.4648723686997;
1718204425;326.30002;-52.3;0.2;330.4648723686997;
1718204435;326.30002;-52.2;0.2;330.4490611714842;
1718204445;326.30002;-52.2;0.2;330.4490611714842;
1718204455;326.30002;-52.2;0.2;330.4490611714842;
1718204465;326.30002;-52.100002;0.2;330.43327948007794;
1718204475;326.30002;-52.100002;0.2;330.43327948007794;
1718204487;326.30002;-52.100002;0.2;330.43327948007794;
1718204495;326.30002;-52.0;0.2;330.4175266983645;
1718204505;326.30002;-52.0;0.2;330.4175266983645;
1718204515;326.30002;-51.9;0.2;330.4018040323791;
1718204525;326.30002;-51.9;0.2;330.4018040323791;
1718204535;326.30002;-51.8;0.2;330.38611028677326;
1718204545;326.30002;-51.8;0.2;330.38611028677326;
1718204555;326.30002;-51.8;0.2;330.38611028677326;
1718204575;326.2;-51.7;0.2;330.27167308559245;
1718204581;326.2;-51.7;0.1;330.2716276684323;
1718204603;326.2;-51.600002;0.1;330.2559888935759;
1718204605;326.2;-51.600002;0.1;330.2559888935759;
1718204626;326.2;-51.600002;0.1;330.2559888935759;
1718204627;326.2;-51.600002;0.1;330.2559888935759;
1718204628;326.2;-51.600002;0.1;330.2559888935759;
1718204655;326.2;-51.600002;0.1;330.2559888935759;
1718204658;326.2;-51.600002;0.1;330.2559888935759;
1718204669;326.2;-51.600002;0.1;330.2559888935759;
1718204670;326.2;-51.600002;0.1;330.2559888935759;
1718204675;326.2;-51.600002;0.1;330.2559888935759;
1718204695;326.2;-51.600002;0.1;330.2559888935759;
1718204702;326.2;-51.600002;0.1;330.2559888935759;
1718204705;326.2;-51.600002;0.1;330.2559888935759;
1718204729;326.2;-51.600002;0.1;330.2559888935759;
1718204729;326.2;-51.600002;0.1;330.2559888935759;
1718204736;326.2;-51.600002;0.1;330.2559888935759;
1718204746;326.2;-51.600002;0.1;330.2559888935759;
1718204755;326.2;-51.600002;0.1;330.2559888935759;
1718204768;326.2;-51.600002;0.1;330.2559888935759;
1718204775;326.2;-51.600002;0.1;330.2559888935759;
1718204785;326.2;-51.600002;0.1;330.2559888935759;
1718204795;326.2;-51.600002;0.1;330.2559888935759;
1718204805;326.2;-51.600002;0.1;330.2559888935759;
1718204815;326.2;-51.600002;0.1;330.2559888935759;
1718204825;326.2;-51.600002;0.1;330.2559888935759;
1718204836;326.2;-51.600002;0.1;330.2559888935759;
1718204845;326.2;-51.600002;0.1;330.2559888935759;
1718204855;326.2;-51.600002;0.1;330.2559888935759;
