1749144065;357.2714;-27.096289;-7.974235;358.38616800067064;
1749144076;357.2429;-26.799843;-7.7884307;358.3313735336441;
1749144084;356.9226;-26.442043;-7.567383;357.9807182315479;
1749144094;356.91446;-26.066677;-7.3485947;357.9405044202724;
1749144115;356.5353;-25.722;-7.1548176;357.5335496887387;
1749144115;356.53647;-25.432215;-7.0018406;357.51094625580794;
1749144123;356.2699;-25.212063;-6.9011226;357.2275373511742;
1749144134;356.284;-25.05804;-6.853819;357.2298510112881;
1749144145;356.11273;-24.952618;-6.852964;357.0516406447498;
1749144154;356.1455;-24.87973;-6.879511;357.07975493020353;
1749144164;356.05884;-24.833265;-6.918759;356.9908350784359;
1749144182;356.1255;-24.797235;-6.9604197;357.0556171427945;
1749144185;356.1255;-24.797235;-6.9604197;357.0556171427945;
1749144190;356.0725;-24.760767;-6.986475;357.0007543762013;
1749144195;356.14233;-24.719732;-6.9961457;357.06774325758784;
1749144206;356.11423;-24.670288;-6.991588;357.03620026613817;
1749144219;356.17853;-24.62065;-6.9754577;357.0965934758952;
1749144224;356.14545;-24.573523;-6.951096;357.0598759424356;
1749144234;356.20184;-24.529491;-6.9237766;357.1125701727237;
1749144243;356.1883;-24.481083;-6.8971972;357.09521859924536;
1749144254;356.22452;-24.422491;-6.8551407;357.12652956868305;
1749144264;356.19632;-24.356688;-6.7908673;357.09268011213976;
1749144274;356.21628;-24.287027;-6.7044168;357.1062106269793;
1749144283;356.1924;-24.220457;-6.6090384;357.0761056733932;
1749144294;356.19952;-24.155249;-6.515358;357.07705999041895;
1749144303;356.15512;-24.09647;-6.433107;357.02730264282866;
1749144314;356.15695;-24.045876;-6.3639426;357.0244785535068;
1749144325;356.14404;-24.004295;-6.3117414;357.00787612632615;
1749144334;356.13766;-23.975325;-6.2736278;356.9988947909722;
1749144343;356.11707;-23.958715;-6.2440133;356.97671077808525;
1749144354;356.1111;-23.943516;-6.2224426;356.96937769486686;
1749144363;356.12177;-23.923975;-6.219104;356.9786344246583;
1749144374;356.1217;-23.905766;-6.2258887;356.9774719060127;
1749144384;356.15073;-23.89475;-6.2321978;357.00579722468865;
1749144394;356.1554;-23.886868;-6.232483;357.0099326806221;
1749144403;356.18332;-23.878733;-6.22445;357.03710514861297;
1749144414;356.19138;-23.876694;-6.2238197;357.0449951777584;
1749144424;356.23117;-23.88712;-6.2229624;357.08537729041086;
1749144435;356.23654;-23.90058;-6.2163315;357.09152069443934;
1749144447;356.2775;-23.9087;-6.2003055;357.13264225690403;
1749144455;356.2838;-23.910976;-6.1790447;357.13872813232183;
1749144463;356.32578;-23.91788;-6.160297;357.18072768937435;
1749144474;356.33237;-23.937195;-6.1465187;357.18836028029864;
1749144484;356.38354;-23.966248;-6.13793;357.24121584271364;
1749144496;356.39578;-23.99505;-6.1385818;357.2553686006591;
1749144507;356.45972;-24.013964;-6.1446967;357.3205248081197;
1749144517;356.477;-24.022581;-6.1577044;357.33855927407;
1749144524;356.54916;-24.024946;-6.1758566;357.41103153753005;
1749144534;356.5774;-24.025362;-6.209619;357.4398051231036;
1749144546;356.66373;-24.029587;-6.2549825;357.52700578657584;
1749144556;356.7896;-24.045464;-6.35592;357.6554335320524;
1749144563;356.7896;-24.045464;-6.35592;357.6554335320524;
1749144575;356.91147;-24.054531;-6.4278693;357.77889026788506;
1749144590;356.91147;-24.054531;-6.4278693;357.77889026788506;
1749144595;357.02673;-24.07236;-6.473798;357.89590231100937;
1749144602;357.02673;-24.07236;-6.473798;357.89590231100937;
1749144617;357.17377;-24.111954;-6.494758;358.0456229214951;
1749144623;357.17377;-24.111954;-6.494758;358.0456229214951;
1749144635;357.32288;-24.179905;-6.519939;358.1994068990299;
1749144642;357.32288;-24.179905;-6.519939;358.1994068990299;
1749144655;357.44394;-24.243708;-6.575588;358.3255020211505;
1749144662;357.44394;-24.243708;-6.575588;358.3255020211505;
1749144675;357.5791;-24.277859;-6.667841;358.46434746289;
1749144684;357.5927;-24.281307;-6.717703;358.47908917451537;
1749144694;357.7156;-24.283398;-6.771732;358.6028374457178;
1749144703;357.73584;-24.290714;-6.8383994;358.624781093915;
1749144714;357.85318;-24.308697;-6.904875;358.74432179581964;
1749144723;357.85886;-24.32927;-6.9578123;358.7524013351359;
1749144735;357.9635;-24.341692;-6.993694;358.85832546113227;
1749144753;357.96292;-24.348213;-7.0250416;358.85880177022176;
1749144753;357.96292;-24.348213;-7.0250416;358.85880177022176;
1749144763;358.0425;-24.372375;-7.0913134;358.9411359617848;
1749144774;358.09073;-24.395489;-7.1312985;358.9915950456373;
1749144783;358.08936;-24.422663;-7.189675;358.99323723379786;
1749144794;358.14844;-24.460304;-7.2672906;359.05629542001765;
1749144805;358.15143;-24.498867;-7.351335;359.06361852869566;
1749144817;358.2052;-24.530703;-7.434609;359.12114143643095;
1749144826;358.21048;-24.552605;-7.52491;359.1297849794354;
1749144836;358.2579;-24.573076;-7.623485;359.1805665921374;
1749144846;358.25684;-24.596182;-7.7266603;359.1832873856335;
1749144858;358.26816;-24.615946;-7.8338456;359.19825574864325;
1749144866;358.2666;-24.634037;-7.9529095;359.2005600552013;
1749144876;358.29083;-24.658434;-8.085399;359.22935946600563;
1749144885;358.28653;-24.68409;-8.217132;359.229818897169;
1749144896;358.30817;-24.695349;-8.333592;359.2548554930046;
1749144904;358.28894;-24.692219;-8.423173;359.2375541965111;
1749144915;358.28723;-24.67844;-8.47384;359.2360944873093;
1749144924;358.25958;-24.650438;-8.484893;359.20685681439096;
1749144935;358.2457;-24.610287;-8.469367;359.18988825457023;
1749144944;358.2195;-24.56879;-8.435275;359.16012971889756;
1749144957;358.20688;-24.534801;-8.395372;359.14427001171583;
1749144969;358.1906;-24.509403;-8.360444;359.12549751397734;
1749144976;358.1621;-24.49295;-8.340825;359.0954894957728;
1749144985;358.15842;-24.486723;-8.343164;359.09143610095896;
1749145030;358.13083;-24.492788;-8.359239;359.0647074385355;
1749145037;358.1308;-24.505274;-8.386342;359.0661608916014;
1749145044;358.09976;-24.514774;-8.427751;359.0368235403257;
1749145056;358.1053;-24.522207;-8.474491;359.0439405632585;
1749145063;358.0692;-24.526075;-8.517121;359.00923615929366;
1749145068;358.07266;-24.51892;-8.551917;359.0130140992598;
1749145076;358.02203;-24.498213;-8.57969;358.9617669331539;
1749145078;358.02142;-24.472391;-8.602312;358.95993825369345;
1749145084;357.96286;-24.445871;-8.625509;358.9002775877036;
1749145090;357.95663;-24.42147;-8.635933;358.8926577177493;
1749145098;357.88345;-24.403069;-8.639834;358.8185094002806;
1749145112;357.87643;-24.387207;-8.644119;358.8105334443619;
1749145115;357.87643;-24.387207;-8.644119;358.8105334443619;
1749145120;357.79483;-24.380043;-8.647735;358.7287421129118;
1749145127;357.7815;-24.37926;-8.648409;358.7154036287691;
1749145135;357.69714;-24.382544;-8.648896;358.6315077396349;
1749145145;357.68607;-24.385918;-8.649953;358.6207136272106;
1749145156;357.59586;-24.388683;-8.655799;358.53106804275586;
1749145167;357.58826;-24.392076;-8.662341;358.5238778327229;
1749145175;357.49756;-24.393354;-8.670328;358.433696421264;
1749145185;357.4926;-24.387041;-8.683215;358.4286478455761;
1749145195;357.4052;-24.3764;-8.702781;358.3412244235227;
1749145205;357.40482;-24.366873;-8.725166;358.3407251256961;
1749145214;357.32306;-24.360167;-8.750964;358.2593552719615;
1749145225;357.33035;-24.356306;-8.787705;358.26726676102123;
1749145236;357.26068;-24.36542;-8.832382;358.19949600012797;
1749145246;357.26083;-24.386868;-8.872138;358.2020902583722;
1749145255;357.19724;-24.40776;-8.899781;358.14076792898936;
1749145268;357.19147;-24.419933;-8.9183445;358.1363068905623;
1749145276;357.12796;-24.425203;-8.932102;358.0736697488367;
1749145287;357.12036;-24.428463;-8.936737;358.066428959895;
1749145296;357.04974;-24.430927;-8.934143;357.99610132252906;
1749145306;357.04636;-24.43427;-8.936864;357.9930189337314;
1749145316;356.98425;-24.43668;-8.945462;357.9314591591893;
1749145324;356.98233;-24.435488;-8.96223;357.9298797047661;
1749145336;356.93866;-24.429855;-8.980043;357.88638668925887;
1749145345;356.93246;-24.420937;-8.999565;357.88008969659734;
1749145355;356.90164;-24.41105;-9.019807;357.8491836919205;
1749145364;356.89316;-24.401323;-9.03788;357.8405148267997;
1749145375;356.86942;-24.389423;-9.054213;357.816436601479;
1749145385;356.86432;-24.376944;-9.072069;357.81095551184194;
1749145395;356.8451;-24.366365;-9.092231;357.79157153536687;
1749145405;356.83798;-24.360615;-9.1034975;357.78437465014946;
1749145415;356.8105;-24.357817;-9.105033;357.7567996054847;
1749145424;356.80322;-24.353725;-9.104189;357.74925561941086;
1749145435;356.76813;-24.345654;-9.103284;357.7136807301068;
1749145444;356.76135;-24.337917;-9.0977;357.70625523299924;
1749145455;356.7225;-24.334557;-9.089935;357.66708289510905;
1749145464;356.72064;-24.334211;-9.088829;357.66517463728536;
1749145476;356.68478;-24.338335;-9.092595;357.62978753061407;
1749145484;356.68536;-24.341274;-9.099584;357.63074362006125;
1749145497;356.65384;-24.338366;-9.115077;357.59949890874594;
1749145499;356.65384;-24.338366;-9.115077;357.59949890874594;
1749145506;356.6573;-24.336054;-9.1371565;357.6033444223949;
1749145515;356.63245;-24.336462;-9.160842;357.57920263194524;
1749145526;356.63837;-24.336832;-9.182133;357.58567862437036;
1749145539;356.60886;-24.331911;-9.205311;357.5565073741164;
1749145546;356.61487;-24.329641;-9.233624;357.5630790002613;
1749145565;356.58926;-24.33002;-9.259642;357.5382413404451;
1749145568;356.59036;-24.332352;-9.281778;357.54006965692247;
1749145579;356.5662;-24.335434;-9.299562;357.51663588194197;
1749145580;356.5662;-24.335434;-9.299562;357.51663588194197;
1749145588;356.56314;-24.342085;-9.3169155;357.5144968216773;
1749145599;356.54114;-24.353094;-9.329921;357.4936411782852;
1749145600;356.54114;-24.353094;-9.329921;357.4936411782852;
1749145627;356.53082;-24.361462;-9.334667;357.4840477540623;
1749145634;356.53082;-24.361462;-9.334667;357.4840477540623;
1749145636;356.5018;-24.360735;-9.331869;357.454980346295;
1749145638;356.49307;-24.348948;-9.321026;357.445189526864;
1749145639;356.44925;-24.33017;-9.302554;357.39972296200693;
1749145646;356.4423;-24.30792;-9.280999;357.39070908635904;
1749145658;356.3816;-24.260353;-9.257643;357.3263321571184;
1749145665;356.3816;-24.260353;-9.257643;357.3263321571184;
1749145676;356.32126;-24.243073;-9.270174;357.2653103538492;
1749145685;356.32126;-24.243073;-9.270174;357.2653103538492;
1749145696;356.26697;-24.245008;-9.296822;357.21198699634715;
1749145703;356.26697;-24.245008;-9.296822;357.21198699634715;
1749145716;356.20737;-24.235905;-9.296687;357.15192248196036;
1749145717;356.20737;-24.235905;-9.296687;357.15192248196036;
1749145723;356.20737;-24.235905;-9.296687;357.15192248196036;
1749145736;356.13773;-24.236904;-9.282512;357.082164642238;
1749145746;356.06314;-24.239023;-9.275679;357.00774325753576;
1749145756;356.05826;-24.24192;-9.268338;357.00287944428965;
1749145767;355.98608;-24.239597;-9.258396;356.930480581358;
1749145775;355.9761;-24.231941;-9.24673;356.9197054403473;
1749145788;355.90765;-24.220451;-9.236598;356.85039308688505;
1749145797;355.90097;-24.206064;-9.2300825;356.8425825795621;
1749145806;355.83496;-24.191391;-9.22646;356.77565835696186;
1749145819;355.83356;-24.18098;-9.229336;356.7736268907815;
1749145825;355.771;-24.179152;-9.239855;356.7113790551845;
1749145836;355.76697;-24.177902;-9.252983;356.70761697876793;
1749145845;355.71103;-24.172026;-9.259392;356.6515937879403;
1749145858;355.70493;-24.164255;-9.25735;356.6449267918551;
1749145867;355.64185;-24.160986;-9.245149;356.5814751648805;
1749145877;355.63577;-24.159021;-9.230258;356.57489929043544;
1749145888;355.56473;-24.156399;-9.216725;356.50351368731225;
1749145896;355.5602;-24.154612;-9.20844;356.4986737710589;
1749145905;355.49188;-24.15918;-9.205239;356.43075174861804;
1749145919;355.49603;-24.168701;-9.206003;356.43555642927396;
1749145924;355.4263;-24.179438;-9.208564;356.3668020708452;
1749145936;355.43048;-24.187136;-9.215038;356.37166169240436;
1749145946;355.36795;-24.18868;-9.2237625;356.3096269622097;
1749145956;355.36676;-24.185228;-9.230177;356.3083716805857;
1749145965;355.31314;-24.177624;-9.229085;356.25434955069437;
1749145976;355.31137;-24.168839;-9.226341;356.25191702267557;
1749145986;355.2514;-24.15939;-9.217771;356.1912454050342;
1749145995;355.24994;-24.15252;-9.2052355;356.18899432710805;
1749146006;355.1863;-24.149502;-9.196648;356.1251064509655;
1749146017;355.19107;-24.14587;-9.193679;356.1295317468282;
1749146033;355.13275;-24.144718;-9.189851;356.07118942195484;
1749146036;355.13605;-24.149412;-9.190716;356.0748172799965;
1749146045;355.09024;-24.158234;-9.200644;356.02998606488063;
1749146056;355.08798;-24.171045;-9.212746;356.0289162425252;
1749146065;355.05524;-24.18658;-9.226864;355.9976782106721;
1749146076;355.04858;-24.202307;-9.245933;355.9926065390445;
1749146087;355.0223;-24.212637;-9.2631645;355.96755109247306;
1749146098;355.01874;-24.212545;-9.272715;355.96423243767265;
1749146107;354.97968;-24.20026;-9.27115;355.92439741971543;
1749146117;354.97864;-24.180176;-9.258582;355.9216704046208;
1749146129;354.92395;-24.156666;-9.239208;355.8650276347387;
1749146138;354.92273;-24.13485;-9.222166;355.86188784382284;
1749146147;354.8708;-24.12185;-9.211154;355.80891717758055;
1749146161;354.87067;-24.117859;-9.204679;355.8083573627066;
1749146169;354.82565;-24.119589;-9.203535;355.7635502764244;
1749146177;354.827;-24.12433;-9.208706;355.76534481469474;
1749146188;354.78937;-24.128344;-9.21595;355.72827567460337;
1749146199;354.7934;-24.131914;-9.225029;355.7327708861538;
1749146207;354.75543;-24.13169;-9.23133;355.6950554821803;
1749146218;354.75836;-24.128675;-9.236513;355.697907546697;
1749146231;354.7171;-24.126194;-9.234824;355.65654457901996;
1749146237;354.71512;-24.12086;-9.232849;355.6541530422291;
1749146247;354.6773;-24.115707;-9.233241;355.61610238620625;
1749146259;354.67575;-24.112524;-9.23642;355.61441677931543;
1749146268;354.6359;-24.116697;-9.238449;355.5750017845231;
1749146277;354.63647;-24.122097;-9.241196;355.5760177308891;
1749146288;354.5926;-24.128613;-9.245276;355.53279763911513;
1749146299;354.5905;-24.139833;-9.2471075;355.53153725254305;
1749146308;354.54437;-24.148945;-9.245906;355.48610440639567;
1749146317;354.5454;-24.155022;-9.245169;355.48753294405554;
1749146331;354.49512;-24.163729;-9.242162;355.4378869070804;
1749146334;354.49512;-24.163729;-9.242162;355.4378869070804;
1749146339;354.4988;-24.172771;-9.236456;355.44203628374845;
1749146346;354.4457;-24.179764;-9.233948;355.3894871247014;
1749146363;354.4477;-24.181988;-9.23468;355.3916358494295;
1749146367;354.4477;-24.181988;-9.23468;355.3916358494295;
1749146370;354.39578;-24.18067;-9.230576;355.33966700812925;
1749146378;354.3962;-24.175135;-9.220951;355.3394666178095;
1749146386;354.3398;-24.164211;-9.214229;355.2823023418001;
1749146401;354.34183;-24.153032;-9.212661;355.2835103521646;
1749146404;354.34183;-24.153032;-9.212661;355.2835103521646;
1749146407;354.2913;-24.147;-9.213957;355.2327306838505;
1749146417;354.29123;-24.147848;-9.219971;355.2328835442082;
1749146426;354.25058;-24.148766;-9.234107;355.19277149653317;
1749146436;354.2464;-24.152464;-9.248069;355.1892163926943;
1749146446;354.21014;-24.160265;-9.254439;355.15375430095423;
1749146458;354.2034;-24.167252;-9.249521;355.1473750742778;
1749146466;354.15506;-24.161312;-9.234223;355.09836140976455;
1749146476;354.1477;-24.14581;-9.20827;355.0892977132455;
1749146486;354.08832;-24.12868;-9.177056;355.02809519659877;
1749146496;354.08594;-24.11368;-9.145878;355.0238974693421;
1749146505;354.0322;-24.102823;-9.127703;354.9690928548383;
1749146516;354.0276;-24.100313;-9.120281;354.96413567129713;
1749146526;353.99655;-24.105698;-9.12081;354.93356041494417;
1749146535;353.9967;-24.1182;-9.134861;354.9349233112087;
1749146545;353.97687;-24.133404;-9.149959;354.9165617015466;
1749146577;353.98694;-24.147314;-9.1709175;354.9280928820345;
1749146582;353.98694;-24.147314;-9.1709175;354.9280928820345;
1749146586;353.96378;-24.156845;-9.191501;354.90617254551495;
1749146587;353.96765;-24.16363;-9.203765;354.91081766434644;
1749146588;353.944;-24.158785;-9.206363;354.88696694814456;
1749146594;353.94098;-24.147375;-9.194401;354.8828670824095;
1749146605;353.91122;-24.131985;-9.1775;354.85170694224547;
1749146616;353.90924;-24.116158;-9.158538;354.8481626538336;
1749146625;353.88367;-24.104973;-9.140401;354.82142890162385;
1749146636;353.884;-24.098356;-9.127267;354.8209761715308;
1749146651;353.8684;-24.098717;-9.123734;354.80535650308764;
1749146659;353.8685;-24.108583;-9.127972;354.80622709004365;
1749146667;353.86716;-24.120245;-9.135906;354.80588466253147;
1749146677;353.86487;-24.131554;-9.145914;354.8046286995777;
1749146685;353.8729;-24.139383;-9.149639;354.8132622017066;
1749146697;353.86838;-24.141388;-9.148984;354.8088770660338;
1749146704;353.87613;-24.135891;-9.145323;354.81613963296655;
1749146722;353.8802;-24.107164;-9.133093;354.81791979939;
1749146727;353.8802;-24.107164;-9.133093;354.81791979939;
1749146736;353.88666;-24.081205;-9.110749;354.82203526889424;
1749146744;353.88666;-24.081205;-9.110749;354.82203526889424;
1749146756;353.89276;-24.063156;-9.088707;354.82633291309304;
1749146763;353.89276;-24.063156;-9.088707;354.82633291309304;
1749146776;353.9041;-24.05902;-9.071416;354.8369325887064;
1749146788;353.9041;-24.05902;-9.071416;354.8369325887064;
1749146796;353.91858;-24.070528;-9.073557;354.85219512882963;
1749146804;353.91876;-24.07852;-9.079543;354.85307306276655;
1749146815;353.93372;-24.080347;-9.081685;354.8681661020069;
1749146825;353.93198;-24.074821;-9.07709;354.8659387109247;
1749146836;353.93918;-24.066072;-9.065811;354.87224015063725;
1749146845;353.9384;-24.055605;-9.053591;354.87042708291125;
1749146856;353.94098;-24.04657;-9.044311;354.87216528242527;
1749146866;353.9435;-24.042799;-9.042103;354.8743798409227;
1749146878;353.94852;-24.043545;-9.047649;354.8795634883943;
1749146888;353.94742;-24.04717;-9.055137;354.87890438235166;
1749146897;353.9584;-24.054346;-9.059746;354.8904657842083;
1749146909;353.95804;-24.058502;-9.065486;354.89052884240266;
1749146921;353.9649;-24.062986;-9.066681;354.8977117924071;
1749146928;353.9649;-24.062986;-9.066681;354.8977117924071;
1749146940;353.96353;-24.062725;-9.0570345;354.896078083794;
1749146941;353.96353;-24.062725;-9.0570345;354.896078083794;
1749146956;353.95795;-24.057415;-9.041545;354.88975307574407;
1749146958;353.95602;-24.0483;-9.031905;354.88697226020753;
1749146966;353.95505;-24.057894;-9.035706;354.88674524936573;
1749146988;353.95822;-24.066359;-9.036749;354.8905112381665;
1749146990;353.95767;-24.069296;-9.036307;354.89015132370724;
1749147006;353.95352;-24.068184;-9.034988;354.8859028415463;
1749147040;353.9549;-24.064585;-9.035618;354.8870444749343;
1749147047;353.94876;-24.063984;-9.041446;354.8810342447912;
1749147050;353.94876;-24.063984;-9.041446;354.8810342447912;
1749147056;353.952;-24.065086;-9.042934;354.88437329720205;
1749147064;353.93726;-24.061394;-9.039697;354.8693391520023;
1749147073;353.93802;-24.050224;-9.034941;354.8692218185858;
1749147077;353.91827;-24.037655;-9.025328;354.8484324473655;
1749147081;353.91827;-24.037655;-9.025328;354.8484324473655;
1749147092;353.90088;-24.026146;-9.019255;354.8301491335987;
1749147095;353.90817;-24.034237;-9.029332;354.83822795936936;
1749147107;353.893;-24.049664;-9.040174;354.8244217984625;
1749147109;353.893;-24.049664;-9.040174;354.8244217984625;
1749147126;353.88382;-24.083609;-9.058998;354.81804268077786;
1749147127;353.88382;-24.083609;-9.058998;354.81804268077786;
1749147138;353.86792;-24.098032;-9.056911;354.8031109521788;
1749147160;353.8701;-24.09956;-9.050922;354.80522292905454;
1749147161;353.8701;-24.09956;-9.050922;354.80522292905454;
1749147164;353.8701;-24.09956;-9.050922;354.80522292905454;
1749147165;353.84775;-24.09524;-9.036841;354.7822905680263;
1749147176;353.8187;-24.08722;-9.024899;354.7524656770822;
1749147186;353.8169;-24.078247;-9.016127;354.74983774086974;
1749147195;353.80072;-24.069166;-9.011078;354.73296140883866;
1749147206;353.80048;-24.06104;-9.01398;354.732240418518;
1749147216;353.79288;-24.057543;-9.02683;354.7247510055119;
1749147224;353.79828;-24.064617;-9.047547;354.73114608067925;
1749147235;353.801;-24.075533;-9.071046;354.7351957890407;
1749147245;353.80228;-24.084167;-9.086246;354.73744927275595;
1749147257;353.80347;-24.089024;-9.092061;354.7391150536081;
1749147265;353.80176;-24.086657;-9.091397;354.73723283658717;
1749147275;353.79636;-24.08142;-9.080817;354.73121900270405;
1749147284;353.79507;-24.077765;-9.066537;354.7293271629442;
1749147295;353.78525;-24.077173;-9.056543;354.71923095765476;
1749147304;353.78467;-24.079405;-9.050199;354.7186421949873;
1749147316;353.7816;-24.082075;-9.049459;354.7157304578089;
1749147325;353.78223;-24.083975;-9.0560665;354.7166672376967;
1749147336;353.78915;-24.089315;-9.068052;354.72424531578514;
1749147345;353.7877;-24.094568;-9.078368;354.72340495666225;
1749147356;353.79953;-24.096552;-9.088879;354.73561842161604;
1749147367;353.7984;-24.096897;-9.101551;354.7348406164232;
1749147377;353.81067;-24.097197;-9.1087475;354.7472813471469;
1749147387;353.81113;-24.097437;-9.111207;354.7478173880936;
1749147397;353.81403;-24.095234;-9.110106;354.7505310017557;
1749147406;353.8169;-24.09169;-9.108437;354.7531085175515;
1749147417;353.8151;-24.089777;-9.107276;354.7511530201254;
1749147424;353.81467;-24.09153;-9.104657;354.7507787145817;
1749147436;353.82056;-24.098167;-9.106665;354.7571554114767;
1749147445;353.82104;-24.107563;-9.1093445;354.75834955813554;
1749147456;353.8311;-24.11573;-9.11183;354.7689822210312;
1749147465;353.8318;-24.12338;-9.111642;354.77019756646644;
1749147475;353.84186;-24.12484;-9.111724;354.7803430522607;
1749147484;353.84213;-24.118687;-9.107794;354.78009771624653;
1749147496;353.85605;-24.1091;-9.102572;354.7931914000147;
1749147504;353.85522;-24.099377;-9.101253;354.79167512461055;
1749147517;353.87582;-24.092552;-9.102581;354.8117907367229;
1749147537;353.87555;-24.087536;-9.107999;354.81131525181183;
1749147540;353.9002;-24.08706;-9.118653;354.83614982762356;
1749147546;353.89954;-24.087175;-9.126809;354.83569766443406;
1749147555;353.92078;-24.087475;-9.128322;354.85694109570994;
1749147566;353.91507;-24.085566;-9.125159;354.8510384318198;
1749147576;353.9319;-24.08272;-9.117507;354.8674194405528;
1749147585;353.9283;-24.081059;-9.108506;354.8635144145484;
1749147596;353.93417;-24.079441;-9.100775;354.8690502342687;
1749147605;353.93695;-24.075802;-9.097311;354.8714842892893;
1749147617;353.94305;-24.07344;-9.101754;354.87752547206856;
1749147625;353.94702;-24.072317;-9.108179;354.8815709440688;
1749147636;353.9547;-24.067644;-9.111939;354.8890207090081;
1749147647;353.95963;-24.060318;-9.117794;354.89357471360813;
1749147658;353.96597;-24.056646;-9.122432;354.89977594514306;
1749147666;353.96735;-24.057823;-9.1208;354.9011834567144;
1749147676;353.96967;-24.058296;-9.115223;354.9033854710892;
1749147686;353.96875;-24.061152;-9.110808;354.90255256547;
1749147697;353.97253;-24.06207;-9.104826;354.90623559332215;
1749147705;353.97028;-24.060411;-9.0977545;354.9036893885985;
1749147716;353.9746;-24.057474;-9.092932;354.9076887752203;
1749147725;353.97302;-24.050636;-9.090057;354.9055689605375;
1749147736;353.98038;-24.040958;-9.09044;354.91225847724695;
1749147748;353.978;-24.031042;-9.092939;354.90927681302435;
1749147758;353.98532;-24.02091;-9.097116;354.91600298270197;
1749147767;353.98383;-24.015104;-9.097782;354.91413569990726;
1749147778;353.98535;-24.008656;-9.103603;354.91537055507376;
1749147788;353.98535;-24.008656;-9.103603;354.91537055507376;
1749147799;353.9867;-24.015934;-9.118277;354.9175789115015;
1749147806;353.9867;-24.015934;-9.118277;354.9175789115015;
1749147821;353.98874;-24.041351;-9.133673;354.92173489229003;
1749147824;353.98874;-24.041351;-9.133673;354.92173489229003;
1749147826;353.98874;-24.041351;-9.133673;354.92173489229003;
1749147839;353.987;-24.058685;-9.154539;354.9217121395795;
1749147846;353.987;-24.058685;-9.154539;354.9217121395795;
1749147859;353.9818;-24.057346;-9.155502;354.9164718990212;
1749147861;353.9818;-24.057346;-9.155502;354.9164718990212;
1749147867;353.9818;-24.057346;-9.155502;354.9164718990212;
1749147878;353.9648;-24.027533;-9.140269;354.89710600528747;
1749147888;353.9532;-24.01638;-9.132907;354.8845649170032;
1749147898;353.95038;-24.006245;-9.126541;354.8809151222554;
1749147907;353.9473;-24.004051;-9.126194;354.8776836291514;
1749147918;353.9473;-24.010233;-9.132907;354.8782745117964;
1749147927;353.9501;-24.02341;-9.141317;354.8821831271476;
1749147937;353.9521;-24.038504;-9.147252;354.88533648873516;
1749147947;353.95178;-24.051586;-9.151464;354.88602711229584;
1749147958;353.9539;-24.062561;-9.160976;354.8891166544961;
1749147969;353.95288;-24.072416;-9.163234;354.88883886130316;
1749147979;353.94678;-24.076914;-9.157082;354.88289774977886;
1749147988;353.9441;-24.07382;-9.149362;354.87981028889277;
1749147999;353.94186;-24.065855;-9.142472;354.8768705886204;
1749148013;353.936;-24.05896;-9.14012;354.8704985194233;
1749148017;353.936;-24.05896;-9.14012;354.8704985194233;
1749148021;353.93616;-24.053436;-9.138171;354.8702260854738;
1749148044;353.93024;-24.047062;-9.136618;354.8638492466995;
1749148045;353.93134;-24.041292;-9.141274;354.86467398385753;
1749148065;353.9302;-24.036966;-9.149096;354.8634563179177;
1749148066;353.93198;-24.037846;-9.156077;354.865461316461;
1749148067;353.9325;-24.040703;-9.166309;354.8664364506336;
1749148079;353.93405;-24.042475;-9.170612;354.86821996824546;
1749148080;353.93405;-24.042475;-9.170612;354.86821996824546;
1749148085;353.93256;-24.037916;-9.174448;354.866518870581;
1749148095;353.93137;-24.029232;-9.172191;354.8646853216845;
1749148111;353.92194;-24.020666;-9.1646185;354.8545046070925;
1749148117;353.92093;-24.016918;-9.155982;354.85302354370515;
1749148125;353.91116;-24.018173;-9.149152;354.8431923442599;
1749148135;353.91034;-24.021175;-9.149131;354.842573212884;
1749148146;353.90817;-24.027765;-9.1534815;354.84097052857;
1749148155;353.90906;-24.035637;-9.160673;354.8425719064281;
1749148165;353.90927;-24.039959;-9.167605;354.84325678398994;
1749148176;353.91003;-24.041079;-9.176981;354.844335915796;
1749148186;353.9108;-24.039433;-9.181572;354.84510409096106;
1749148195;353.9105;-24.031624;-9.182066;354.84428357711556;
1749148207;353.90826;-24.022793;-9.181955;354.8414608235113;
1749148217;353.90448;-24.01783;-9.179518;354.8372875687682;
1749148227;353.90237;-24.015926;-9.176172;354.83497202007914;
1749148241;353.8996;-24.022585;-9.173745;354.8325901912502;
1749148246;353.89633;-24.03251;-9.170529;354.8299224058236;
1749148256;353.8946;-24.04519;-9.16484;354.8288995239333;
1749148265;353.889;-24.053734;-9.158349;354.8237409556494;
1749148275;353.88742;-24.05477;-9.152402;354.82207498237705;
1749148286;353.8834;-24.052275;-9.146294;354.8177306386985;
1749148294;353.8822;-24.047964;-9.143081;354.8161685993015;
1749148304;353.88187;-24.044575;-9.146538;354.81569318931514;
1749148316;353.88168;-24.045507;-9.160465;354.8159330714884;
1749148326;353.89014;-24.04968;-9.1771755;354.82507882000056;
1749148336;353.88895;-24.054617;-9.189953;354.82455708043864;
1749148346;353.89212;-24.056341;-9.19745;354.82803367980574;
1749148355;353.89215;-24.05404;-9.194665;354.82783600131864;
1749148365;353.87616;-24.049213;-9.184676;354.81130100845985;
1749148375;353.87332;-24.043785;-9.167405;354.80765579597676;
1749148388;353.85306;-24.0379;-9.148124;354.78654907797824;
1749148396;353.85245;-24.039013;-9.137301;354.78573678769044;
1749148409;353.84018;-24.04341;-9.138991;354.7738424469383;
1749148413;353.84018;-24.04341;-9.138991;354.7738424469383;
1749148417;353.83664;-24.04689;-9.142761;354.7706447818957;
1749148426;353.83322;-24.053745;-9.142101;354.76768351826684;
1749148436;353.83102;-24.055075;-9.143378;354.76561508907105;
1749148456;353.83237;-24.051203;-9.148976;354.7668361324547;
1749148461;353.83078;-24.04712;-9.154093;354.7651085576034;
1749148463;353.83078;-24.04712;-9.154093;354.7651085576034;
1749148472;353.8369;-24.042925;-9.162852;354.7711682932313;
1749148487;353.83264;-24.038502;-9.166349;354.76669769038995;
1749148496;353.83264;-24.038502;-9.166349;354.76669769038995;
1749148520;353.83527;-24.036177;-9.166837;354.7691703498398;
1749148522;353.8325;-24.036982;-9.164461;354.76639372004394;
1749148591;353.82858;-24.037199;-9.16233;354.7624574308068;
1749148594;353.83145;-24.038092;-9.160414;354.7653295373193;
1749148601;353.83145;-24.038092;-9.160414;354.7653295373193;
1749148610;353.82175;-24.04191;-9.158622;354.75586298872446;
1749148614;353.82724;-24.044529;-9.157928;354.76150127356686;
1749148615;353.82724;-24.044529;-9.157928;354.76150127356686;
1749148617;353.81378;-24.046965;-9.153247;354.7481227364552;
1749148619;353.81378;-24.046965;-9.153247;354.7481227364552;
1749148621;353.8071;-24.046766;-9.151618;354.74140151789277;
1749148624;353.80887;-24.042093;-9.154485;354.7429241076541;
1749148625;353.8039;-24.040594;-9.158581;354.73796696519435;
1749148627;353.80875;-24.03717;-9.166694;354.74278402763326;
1749148628;353.80875;-24.03717;-9.166694;354.74278402763326;
1749148629;353.80875;-24.03717;-9.166694;354.74278402763326;
1749148631;353.804;-24.024757;-9.169466;354.7372665761133;
1749148636;353.80118;-24.022293;-9.165509;354.7341972007501;
1749148645;353.80756;-24.022858;-9.164828;354.7405792388471;
1749148654;353.80118;-24.028984;-9.165566;354.7346518493222;
1749148664;353.8149;-24.035646;-9.164472;354.7487716780272;
1749148674;353.81042;-24.039585;-9.163063;354.7445279033203;
1749148689;353.82468;-24.041027;-9.163418;354.75884896449713;
1749148698;353.82507;-24.034685;-9.162247;354.7587846819855;
1749148705;353.8341;-24.021303;-9.156353;354.7667356030872;
1749148715;353.84024;-24.008324;-9.151125;354.7718400257239;
1749148726;353.84515;-23.999678;-9.151323;354.77616058579605;
1749148735;353.85046;-23.997164;-9.154398;354.7813659850866;
1749148746;353.8565;-24.00252;-9.162158;354.7879552232903;
1749148756;353.86218;-24.011992;-9.169492;354.794446971367;
1749148771;353.8662;-24.022722;-9.177981;354.7994106103311;
1749148775;353.8662;-24.022722;-9.177981;354.7994106103311;
1749148779;353.86902;-24.034605;-9.186073;354.8032250055762;
1749148790;353.8714;-24.044281;-9.186778;354.8062729406835;
1749148806;353.87402;-24.051693;-9.185468;354.8093589738713;
1749148816;353.86905;-24.055563;-9.189062;354.8047531585179;
1749148819;353.87408;-24.064112;-9.201615;354.8106803049751;
1749148829;353.88177;-24.074553;-9.226546;354.81970611035445;
1749148835;353.8915;-24.088757;-9.260224;354.8312568031898;
1749148845;353.9081;-24.09964;-9.294022;354.8494369690055;
1749148855;353.91086;-24.102585;-9.317878;354.85300190579255;
1749148865;353.92178;-24.096403;-9.326859;354.86371433207955;
1749148876;353.91965;-24.088188;-9.323773;354.86094494260715;
1749148891;353.9159;-24.078209;-9.309034;354.8561370133712;
1749148895;353.9159;-24.078209;-9.309034;354.8561370133712;
1749148899;353.91718;-24.072924;-9.290947;354.85658274340835;
1749148907;353.90262;-24.071701;-9.2731;354.84151460807914;
1749148916;353.90582;-24.074055;-9.258292;354.84448349116593;
1749148925;353.892;-24.07932;-9.245877;354.8307292163345;
1749148935;353.89005;-24.085901;-9.234264;354.8289254636014;
1749148945;353.88373;-24.090544;-9.22641;354.82273588430166;
1749148954;353.88205;-24.092602;-9.225168;354.82116930977196;
1749148965;353.88336;-24.093122;-9.229692;354.8226311050611;
1749148976;353.88306;-24.090672;-9.238353;354.8223857009765;
1749148985;353.88696;-24.086489;-9.249839;354.82629688532586;
1749148996;353.88892;-24.075264;-9.27284;354.82808339747913;
1749149006;353.88873;-24.070232;-9.278153;354.8276983255472;
1749149014;353.88873;-24.070232;-9.278153;354.8276983255472;
1749149026;353.8814;-24.05529;-9.268602;354.8191305369576;
1749149039;353.8643;-24.052748;-9.25772;354.8015989366792;
1749149045;353.86404;-24.05449;-9.244811;354.8011369051623;
1749149056;353.85062;-24.060415;-9.239689;354.78801304297184;
1749149064;353.85153;-24.067072;-9.240185;354.78939055684043;
1749149074;353.84644;-24.072605;-9.240729;354.78469716957574;
1749149084;353.8489;-24.070717;-9.240472;354.78702773366444;
1749149095;353.84332;-24.06686;-9.241779;354.7812302003846;
1749149104;353.84747;-24.061327;-9.245642;354.7850949482465;
1749149116;353.8454;-24.052118;-9.254225;354.7826246039291;
1749149125;353.8503;-24.049995;-9.259111;354.7875085403521;
1749149135;353.8465;-24.056202;-9.266203;354.78430984414126;
1749149145;353.85162;-24.064348;-9.279277;354.790317388423;
1749149155;353.85208;-24.074036;-9.290361;354.7917212207063;
1749149165;353.85175;-24.08331;-9.295147;354.7921411269756;
1749149175;353.85065;-24.086357;-9.295534;354.7912624585832;
1749149186;353.85046;-24.085632;-9.287585;354.7908224622148;
1749149204;353.8444;-24.081465;-9.276225;354.78418545197337;
1749149206;353.8444;-24.081465;-9.276225;354.78418545197337;
1749149217;353.8418;-24.079733;-9.268008;354.78126603388876;
1749149219;353.842;-24.082285;-9.26075;354.7814627736263;
1749149224;353.8419;-24.086828;-9.259901;354.7816272973696;
1749149236;353.84842;-24.090885;-9.261279;354.78845218166623;
1749149245;353.84387;-24.093071;-9.259782;354.784026459512;
1749149255;353.85336;-24.091276;-9.252588;354.79318272741335;
1749149265;353.8462;-24.087307;-9.240991;354.78545832385106;
1749149278;353.8524;-24.080656;-9.227065;354.7908230771499;
1749149291;353.8464;-24.07273;-9.2157135;354.78402446323213;
1749149301;353.84903;-24.065166;-9.20615;354.78588069897086;
1749149310;353.84525;-24.058027;-9.199039;354.7814378850627;
1749149318;353.8465;-24.052198;-9.188793;354.7820250687477;
1749149328;353.8394;-24.047348;-9.17653;354.7742870090971;
1749149339;353.83798;-24.037117;-9.158255;354.7717213268849;
1749149350;353.83377;-24.023222;-9.142242;354.7661668127691;
1749149360;353.82962;-24.009554;-9.130245;354.76079307265195;
1749149369;353.82816;-24.000288;-9.122738;354.7585119599345;
1749149378;353.82306;-24.000029;-9.117282;354.75327107858124;
1749149385;353.82132;-23.999323;-9.11492;354.75142769138915;
1749149395;353.81763;-23.998556;-9.114168;354.74767356641536;
1749149406;353.8128;-23.998043;-9.113772;354.7428195528384;
1749149415;353.80923;-23.997692;-9.110889;354.73916055968965;
1749149425;353.80762;-23.9968;-9.107385;354.7373969859848;
1749149435;353.79797;-23.994633;-9.10589;354.7275937727152;
1749149445;353.7979;-23.991964;-9.102749;354.7272717854753;
1749149455;353.7837;-23.988558;-9.101049;354.7128138532729;
1749149464;353.7847;-23.987816;-9.1016445;354.71378338816174;
1749149476;353.76862;-23.987206;-9.0987625;354.6976275329945;
1749149489;353.76593;-23.98105;-9.088894;354.6942798072083;
1749149500;353.74905;-23.968678;-9.072081;354.6761809352871;
1749149510;353.74307;-23.956064;-9.052349;354.66885877649736;
1749149523;353.72916;-23.94597;-9.0351515;354.6538588838822;
1749149559;353.7285;-23.942461;-9.023627;354.6526589003647;
1749149563;353.71436;-23.9478;-9.023234;354.6389165514136;
1749149566;353.71436;-23.9478;-9.023234;354.6389165514136;
1749149582;353.7169;-23.959639;-9.033726;354.642509636603;
1749149589;353.7169;-23.959639;-9.033726;354.642509636603;
1749149592;353.7169;-23.959639;-9.033726;354.642509636603;
1749149600;353.71088;-23.972534;-9.046774;354.637717456438;
1749149609;353.69974;-23.976469;-9.058914;354.62718358289374;
1749149612;353.68774;-23.970163;-9.048407;354.61452698402314;
1749149619;353.68396;-23.963799;-9.035714;354.6099988769205;
1749149630;353.6678;-23.957493;-9.026816;354.59321409055605;
1749149641;353.66656;-23.954052;-9.020751;354.5916097595913;
1749149653;353.65674;-23.951626;-9.016983;354.5815490043831;
1749149657;353.65472;-23.945736;-9.015437;354.5791029785016;
1749149661;353.65182;-23.936174;-9.014281;354.5755363850118;
1749149671;353.654;-23.925568;-9.014696;354.57699217126435;
1749149679;353.64987;-23.912117;-9.014835;354.5719792070793;
1749149689;353.6499;-23.905651;-9.012898;354.5715244069719;
1749149698;353.65106;-23.90575;-9.006869;354.5725345441863;
1749149710;353.64948;-23.905268;-9.002762;354.5708149046645;
1749149719;353.6589;-23.906816;-9.003848;354.5803523336065;
1749149729;353.66046;-23.912117;-9.006149;354.58232054150415;
1749149738;353.67184;-23.917791;-9.004799;354.5940224065935;
1749149749;353.67325;-23.920395;-8.998261;354.595432229354;
1749149759;353.68314;-23.91787;-8.996149;354.6050702736142;
1749149773;353.68466;-23.913046;-8.996368;354.6062724299618;
1749149790;353.6942;-23.909718;-8.999767;354.6156614257673;
1749149801;353.6962;-23.907549;-9.003444;354.617587023355;
1749149810;353.70444;-23.90623;-9.010308;354.62589085773004;
1749149817;353.7035;-23.904509;-9.015123;354.6249535426072;
1749149821;353.7104;-23.900078;-9.015877;354.63155311212;
1749149828;353.70975;-23.895233;-9.012568;354.6305033457327;
1749149844;353.7078;-23.892157;-9.0060835;354.62818325284604;
1749149851;353.7084;-23.894106;-9.004496;354.6288830335633;
1749149858;353.70685;-23.901289;-9.006335;354.6278614467973;
1749149869;353.70706;-23.912636;-9.007824;354.62887726117094;
1749149878;353.70642;-23.92472;-9.014438;354.6292212086177;
1749149892;353.70926;-23.932934;-9.020002;354.63274762648797;
1749149901;353.7034;-23.938225;-9.017784;354.6272042108396;
1749149910;353.70477;-23.939243;-9.012115;354.6284985528391;
1749149920;353.6991;-23.932745;-9.005318;354.6222257853552;
1749149927;353.69717;-23.925875;-9.000025;354.61971021598526;
1749149936;353.70337;-23.922333;-9.00439;354.62576102320446;
1749149948;353.70236;-23.921946;-9.011296;354.62490587614104;
1749149956;353.7146;-23.925043;-9.019805;354.63753685399115;
1749149965;353.71533;-23.929562;-9.025047;354.6387056031403;
1749149975;353.72382;-23.930511;-9.031532;354.6473965821085;
1749149985;353.7233;-23.928017;-9.0337515;354.64676732233653;
1749149995;353.72775;-23.92803;-9.029578;354.6511059096689;
1749150007;353.72803;-23.93295;-9.0263;354.6516283325966;
1749150016;353.73065;-23.933428;-9.028251;354.65432795817117;
1749150025;353.73532;-23.933014;-9.033515;354.65909110396257;
1749150035;353.73862;-23.938007;-9.044247;354.66298892189013;
1749150046;353.74255;-23.943642;-9.05332;354.66752724738694;
1749150054;353.7432;-23.946453;-9.052424;354.668333398404;
1749150065;353.74567;-23.94268;-9.048422;354.6704420320539;
1749150076;353.74298;-23.938051;-9.043742;354.6673316579547;
1749150087;353.74704;-23.941547;-9.045322;354.6716562018016;
1749150094;353.74704;-23.941547;-9.045322;354.6716562018016;
1749150108;353.7496;-23.948406;-9.056912;354.67497182322995;
1749150119;353.7592;-23.959442;-9.06866;354.6855748256021;
1749150131;353.75912;-23.968212;-9.08037;354.68640608155016;
1749150140;353.76837;-23.97413;-9.093984;354.6963774976005;
1749150146;353.76837;-23.97413;-9.093984;354.6963774976005;
1749150159;353.77762;-23.969557;-9.090723;354.70520744066226;
1749150168;353.77576;-23.963491;-9.086833;354.7028412358715;
1749150174;353.78262;-23.95658;-9.085738;354.7091947896937;
1749150187;353.78705;-23.96779;-9.080537;354.7142324587272;
1749150195;353.78735;-23.976723;-9.08106;354.7151538883181;
1749150205;353.79404;-23.980913;-9.082699;354.7221449746052;
1749150214;353.79395;-23.986773;-9.082401;354.72244221287826;
1749150226;353.79947;-23.992016;-9.0805645;354.7282590042064;
1749150235;353.80402;-23.995447;-9.0783415;354.7329694098644;
1749150245;353.80087;-23.9962;-9.080259;354.72993438211637;
1749150256;353.80453;-23.996737;-9.086235;354.7337761696988;
1749150266;353.80472;-23.999353;-9.09259;354.734298672239;
1749150275;353.80753;-24.002314;-9.098553;354.7374520908665;
1749150285;353.8067;-24.006;-9.103606;354.7370094123675;
1749150295;353.80878;-24.011757;-9.108153;354.7395854800609;
1749150310;353.80887;-24.015808;-9.10781;354.73994222052363;
1749150311;353.80887;-24.015808;-9.10781;354.73994222052363;
1749150316;353.807;-24.017008;-9.103834;354.7380647005265;
1749150328;353.80936;-24.016953;-9.102438;354.74036881379635;
1749150329;353.80936;-24.016953;-9.102438;354.74036881379635;
1749150334;353.80566;-24.018229;-9.10068;354.73672717569593;
1749150346;353.8108;-24.02073;-9.099776;354.7419867904578;
1749150354;353.8082;-24.023085;-9.101434;354.73960163987346;
1749150365;353.81485;-24.023436;-9.101635;354.7462659336044;
1749150375;353.81198;-24.021856;-9.097037;354.74317993429696;
1749150386;353.8135;-24.018269;-9.089281;354.744260064523;
1749150395;353.8127;-24.011179;-9.078292;354.74270735357527;
1749150405;353.80817;-24.004345;-9.068167;354.7374506712773;
1749150414;353.80777;-24.002699;-9.063637;354.7368278308793;
1749150425;353.8094;-24.006777;-9.067177;354.7388074401638;
1749150437;353.8147;-24.013742;-9.078992;354.74487723039744;
1749150448;353.8213;-24.02238;-9.096373;354.75248183641133;
1749150456;353.82474;-24.031399;-9.109767;354.75687573683683;
1749150467;353.82654;-24.033598;-9.108307;354.75878303211107;
1749150474;353.82318;-24.024784;-9.094567;354.754485419987;
1749150487;353.81647;-24.01064;-9.077082;354.74638367194603;
1749150495;353.81317;-23.997627;-9.059932;354.74177752861647;
1749150506;353.8109;-23.991325;-9.046599;354.73875862753863;
1749150514;353.81165;-23.992426;-9.042705;354.7394642615418;
1749150527;353.81818;-23.999676;-9.045995;354.74655222568424;
1749150534;353.81915;-24.007416;-9.051189;354.7481824516725;
1749150544;353.83017;-24.012613;-9.054541;354.7596077312037;
1749150554;353.82687;-24.011032;-9.054257;354.7562062150429;
1749150565;353.83926;-24.002384;-9.052119;354.76792413948306;
1749150574;353.8365;-23.99135;-9.049947;354.76435252510475;
1749150585;353.84406;-23.983633;-9.047733;354.77132284768663;
1749150595;353.84335;-23.97749;-9.047764;354.7702082841576;
1749150604;353.85565;-23.971432;-9.053104;354.7822016232465;
1749150619;353.858;-23.964548;-9.053202;354.7840827886927;
1749150630;353.86188;-23.95595;-9.05237;354.78734650532255;
1749150639;353.86716;-23.943966;-9.050022;354.79174341418656;
1749150645;353.86423;-23.931305;-9.046089;354.78786682196113;
1749150657;353.8688;-23.922197;-9.043865;354.7917616394704;
1749150667;353.86642;-23.922115;-9.045019;354.7894113475656;
1749150675;353.86725;-23.926626;-9.05063;354.7906804354635;
1749150685;353.87106;-23.930237;-9.053589;354.7948042160568;
1749150694;353.8712;-23.932646;-9.056392;354.79515999144553;
1749150705;353.8687;-23.934017;-9.052746;354.7926939689528;
1749150718;353.8712;-23.936361;-9.04893;354.7952202576161;
1749150726;353.86108;-23.940203;-9.047069;354.7853569620873;
1749150737;353.86273;-23.940992;-9.048934;354.7871014745197;
1749150745;353.85812;-23.943052;-9.056199;354.7828297132198;
1749150754;353.85736;-23.948353;-9.062765;354.7825941822352;
1749150765;353.85403;-23.952524;-9.066336;354.77964926907714;
1749150774;353.85376;-23.953781;-9.069203;354.7795334859138;
1749150785;353.8507;-23.95298;-9.075933;354.77660771054826;
1749150798;353.85184;-23.949669;-9.078984;354.7775884340857;
1749150807;353.8481;-23.954489;-9.075707;354.7741165699209;
1749150817;353.85156;-23.959076;-9.07357;354.7778111439759;
1749150825;353.84772;-23.959728;-9.076306;354.7740900095866;
1749150834;353.85416;-23.96066;-9.079879;354.78066680661505;
1749150845;353.8513;-23.963987;-9.083572;354.7781248672949;
1749150855;353.85867;-23.964247;-9.085347;354.7855537936147;
1749150865;353.8516;-23.962563;-9.087581;354.77843565837;
1749150878;353.85376;-23.960634;-9.089517;354.7805161022673;
1749150886;353.85287;-23.957611;-9.087157;354.7793688036462;
1749150897;353.84885;-23.952858;-9.082071;354.77489982795015;
1749150905;353.8528;-23.9449;-9.078857;354.7782373408891;
1749150915;353.84967;-23.937687;-9.077335;354.7745764871824;
1749150925;353.85394;-23.93201;-9.073416;354.7783546000047;
1749150934;353.84937;-23.925396;-9.066245;354.773159425446;
1749150945;353.85266;-23.91817;-9.0624;354.7758613303029;
1749150958;353.84958;-23.915373;-9.060174;354.77254159356403;
1749150966;353.85254;-23.913673;-9.056108;354.7752757411487;
1749150977;353.851;-23.90923;-9.054368;354.7734098773133;
1749150985;353.85437;-23.905754;-9.055992;354.7765653520633;
1749150994;353.85297;-23.903063;-9.056016;354.77498446593853;
1749151005;353.854;-23.89818;-9.050916;354.7755602680543;
1749151014;353.85016;-23.887804;-9.040822;354.7707688780697;
1749151025;353.8533;-23.876001;-9.02972;354.7728267882786;
1749151036;353.85306;-23.866781;-9.019038;354.7716911682488;
1749151045;353.85434;-23.861496;-9.008199;354.7723386736729;
1749151056;353.85587;-23.862635;-9.00256;354.7737940531611;
1749151064;353.86273;-23.8653;-9.004275;354.7808655109121;
1749151075;353.8612;-23.868439;-9.005517;354.7795862982901;
1749151085;353.87527;-23.87089;-9.010053;354.79389853416154;
1749151096;353.87088;-23.86579;-9.012118;354.78922472803134;
1749151105;353.88354;-23.855833;-9.002723;354.8009486372463;
1749151115;353.87994;-23.845886;-8.994432;354.79647794590994;
1749151125;353.8913;-23.835585;-8.992113;354.80705017188035;
1749151138;353.88785;-23.828482;-8.9914875;354.80311762720595;
1749151149;353.90582;-23.83049;-8.996829;354.82131639849257;
1749151157;353.902;-23.836452;-9.001913;354.81804099070666;
1749151167;353.92188;-23.844545;-9.006061;354.8385056257079;
1749151177;353.9189;-23.847227;-9.005367;354.8357156905722;
1749151186;353.9267;-23.843817;-8.997618;354.8430518045071;
1749151194;353.9249;-23.834888;-8.983984;354.8403106396932;
1749151205;353.9225;-23.82633;-8.969631;354.83696810124525;
1749151215;353.92212;-23.818771;-8.959224;354.83583243008854;
1749151225;353.9225;-23.813154;-8.95637;354.835748651785;
1749151234;353.92178;-23.811811;-8.956158;354.8349530744597;
1749151245;353.92218;-23.818192;-8.957712;354.8358162241243;
1749151258;353.92352;-23.819696;-8.960912;354.8373373449264;
1749151266;353.92236;-23.815903;-8.964318;354.83601205996416;
1749151277;353.922;-23.81378;-8.96537;354.8355308907311;
1749151285;353.92215;-23.809114;-8.964003;354.8353354623093;
1749151294;353.92233;-23.803677;-8.960158;354.8350561689588;
1749151305;353.92093;-23.799799;-8.957735;354.8333346807429;
1749151314;353.92233;-23.79697;-8.957634;354.8345426165934;
1749151325;353.91882;-23.793976;-8.950222;354.83065426349754;
1749151338;353.91464;-23.773584;-8.937036;354.8247848961563;
1749151346;353.91376;-23.767067;-8.936673;354.8234564149658;
1749151357;353.91376;-23.767067;-8.936673;354.8234564149658;
1749151365;353.91522;-23.76748;-8.936129;354.8249315124515;
1749151374;353.91583;-23.76994;-8.935002;354.825676628299;
1749151385;353.91534;-23.775183;-8.933927;354.82551380226204;
1749151395;353.9182;-23.776981;-8.933046;354.8284734557251;
1749151405;353.92026;-23.781712;-8.929084;354.83073015282855;
1749151416;353.91608;-23.783546;-8.924497;354.826567551837;
1749151425;353.9199;-23.784153;-8.92456;354.8304146991597;
1749151435;353.9193;-23.787878;-8.934514;354.83033657219397;
1749151445;353.9228;-23.796724;-8.945527;354.8346772761629;
1749151455;353.92886;-23.80321;-8.954544;354.8413970621774;
1749151465;353.9324;-23.80627;-8.963247;354.8453530975256;
1749151478;353.9387;-23.81026;-8.970019;354.852062379936;
1749151485;353.9387;-23.814297;-8.971078;354.8523599719643;
1749151497;353.94754;-23.817211;-8.966684;354.86127183397423;
1749151504;353.94443;-23.81466;-8.961017;354.8578526111801;
1749151515;353.95605;-23.813108;-8.956494;354.86923165361077;
1749151525;353.9545;-23.811758;-8.953369;354.8675097841928;
1749151537;353.96802;-23.806973;-8.950281;354.88059532823155;
1749151547;353.96954;-23.803541;-8.953537;354.88196924137384;
1749151555;353.9899;-23.79995;-8.9641485;354.9022991338662;
1749151569;353.99112;-23.80245;-8.975817;354.9039793011123;
1749151576;354.01617;-23.810596;-8.985905;354.9297714546589;
1749151584;354.0188;-23.820099;-8.995307;354.933264969173;
1749151595;354.0407;-23.830652;-9.001848;354.9559943328415;
1749151605;354.0417;-23.838352;-9.004455;354.95755151954216;
1749151616;354.05423;-23.845182;-9.004045;354.97051023531486;
1749151625;354.0584;-23.849937;-9.000168;354.974901486348;
1749151635;354.0621;-23.851595;-8.998054;354.97864234512997;
1749151645;354.0671;-23.852264;-8.998964;354.98370237604735;
1749151655;354.07278;-23.854681;-9.002571;354.9896178235197;
1749151665;354.07568;-23.858603;-9.007457;354.99289697739647;
1749151675;354.0864;-23.863436;-9.015601;355.0041125686168;
1749151685;354.0887;-23.870169;-9.025267;355.00712415098536;
1749151696;354.10217;-23.876638;-9.03336;355.0211884725088;
1749151706;354.1022;-23.882067;-9.037727;355.02169519309473;
1749151716;354.1151;-23.883186;-9.038615;355.0346686135674;
1749151725;354.11453;-23.883825;-9.038479;355.03412979311264;
1749151735;354.1268;-23.887413;-9.038458;355.046606912879;
1749151745;354.1274;-23.89228;-9.038348;355.0475404112928;
1749151758;354.13428;-23.898825;-9.04044;355.05488274306646;
1749151769;354.14035;-23.908577;-9.047386;355.06177348345557;
1749151778;354.1435;-23.920746;-9.055196;355.0659273281765;
1749151792;354.1488;-23.936705;-9.065137;355.0725527351963;
1749151808;354.1526;-23.950478;-9.073055;355.0774580549767;
1749151812;354.1526;-23.950478;-9.073055;355.0774580549767;
1749151838;354.15704;-23.961834;-9.075701;355.082735796801;
1749151840;354.15704;-23.961834;-9.075701;355.082735796801;
1749151841;354.15704;-23.961834;-9.075701;355.082735796801;
1749151842;354.15723;-23.958416;-9.075475;355.0826820118055;
1749151845;354.1607;-23.945044;-9.07465;355.08522885042333;
1749151856;354.16345;-23.935562;-9.076889;355.0873862684632;
1749151865;354.16544;-23.928421;-9.081641;355.08900496693707;
1749151875;354.1695;-23.925842;-9.089652;355.0930844572272;
1749151885;354.1692;-23.927511;-9.096899;355.0930781117068;
1749151895;354.17535;-23.932762;-9.103728;355.0997555006014;
1749151904;354.1738;-23.938221;-9.107902;355.09867812526556;
1749151915;354.17728;-23.945456;-9.108683;355.1026558738583;
1749151925;354.17624;-23.953182;-9.107199;355.10210403318433;
1749151936;354.17514;-23.957611;-9.10342;355.1012101542866;
1749151945;354.17722;-23.958483;-9.101579;355.10329154157785;
1749151955;354.1739;-23.958122;-9.100306;355.099916848731;
1749151965;354.1749;-23.956991;-9.096866;355.10075685452625;
1749151975;354.1764;-23.95906;-9.096306;355.1023735996519;
1749151985;354.1828;-23.964966;-9.109828;355.10951068120056;
1749151995;354.19376;-23.975393;-9.129396;355.12164426533275;
1749152005;354.1965;-23.989714;-9.146911;355.12580144413965;
1749152018;354.2122;-24.005713;-9.164865;355.14299037630127;
1749152026;354.21375;-24.018764;-9.18064;355.14583262754445;
1749152042;354.2246;-24.025963;-9.185829;355.1572894284511;
1749152045;354.22168;-24.021969;-9.177611;355.15388481300414;
1749152055;354.22128;-24.015366;-9.161685;355.15263135431417;
1749152065;354.2178;-24.006914;-9.143383;355.1481184215791;
1749152075;354.2152;-23.999405;-9.129879;355.1446762857168;
1749152084;354.2141;-23.994339;-9.1240835;355.143089285947;
1749152095;354.2204;-23.99493;-9.127525;355.14948785050984;
1749152104;354.2177;-24.000393;-9.134406;355.1473553529298;
1749152116;354.23557;-24.003513;-9.138672;355.1654820199212;
1749152125;354.23096;-24.002594;-9.138198;355.1608116030845;
1749152135;354.2431;-23.99722;-9.13485;355.17247647102226;
1749152147;354.24033;-23.989681;-9.128629;355.1690374766296;
1749152155;354.24762;-23.980923;-9.122562;355.1755647720384;
1749152165;354.2473;-23.974133;-9.11651;355.17464660347974;
1749152177;354.25015;-23.9705;-9.107358;355.1769974160806;
1749152185;354.24896;-23.967476;-9.1006565;355.1754344160507;
1749152197;354.25357;-23.968475;-9.094741;355.1799464690935;
1749152200;354.25357;-23.968475;-9.094741;355.1799464690935;
1749152204;354.24716;-23.96745;-9.084178;355.1732149241702;
1749152216;354.25323;-23.96363;-9.07275;355.17872233639156;
1749152224;354.25137;-23.956562;-9.065781;355.17621080536946;
1749152235;354.25687;-23.95018;-9.065538;355.1812530832302;
1749152246;354.2565;-23.945572;-9.064388;355.1805477691866;
1749152255;354.26007;-23.940855;-9.0670395;355.1838587383594;
1749152265;354.26038;-23.935368;-9.071853;355.18391618930065;
1749152275;354.2633;-23.932867;-9.073471;355.1867111006776;
1749152288;354.26022;-23.929619;-9.067582;355.18326759391937;
1749152298;354.25778;-23.923939;-9.057606;355.1801953407317;
1749152306;354.25552;-23.9206;-9.045731;355.1774154529917;
1749152316;354.24734;-23.919533;-9.033856;355.1688838120793;
1749152327;354.24725;-23.92034;-9.023989;355.1685959829383;
1749152338;354.23883;-23.918976;-9.0180025;355.15995108554483;
1749152344;354.24014;-23.920668;-9.017044;355.1613495457993;
1749152355;354.2308;-23.925106;-9.020544;355.15242323687136;
1749152365;354.2344;-23.930706;-9.025076;355.15650738573436;
1749152378;354.22586;-23.934246;-9.030533;355.14836191752374;
1749152386;354.2247;-23.933744;-9.030067;355.1471596223878;
1749152397;354.21066;-23.931637;-9.025047;355.13288835315313;
1749152404;354.20795;-23.92761;-9.020549;355.12979373824913;
1749152415;354.1956;-23.921337;-9.01527;355.1169095237475;
1749152425;354.1887;-23.920551;-9.005917;355.1097401699592;
1749152435;354.17752;-23.920748;-8.998719;355.09843047635354;
1749152444;354.17474;-23.918018;-8.996188;355.095412592228;
1749152458;354.16718;-23.915075;-8.992665;355.08757639593597;
1749152465;354.16522;-23.913439;-8.98993;355.08544886060633;
1749152477;354.15793;-23.914108;-8.986609;355.07813509157927;
1749152485;354.1567;-23.914703;-8.979578;355.07677974294745;
1749152495;354.14774;-23.914717;-8.976291;355.06774860323657;
1749152504;354.14618;-23.914799;-8.979388;355.0662800846156;
1749152515;354.14362;-23.917166;-8.9836445;355.06399034986435;
1749152524;354.1437;-23.921541;-8.989834;355.06453307692294;
1749152550;354.13892;-23.923893;-8.990777;355.05993657851616;
1749152551;354.13892;-23.923893;-8.990777;355.05993657851616;
1749152556;354.13867;-23.919556;-8.988357;355.05933956840084;
1749152557;354.12823;-23.914717;-8.984281;355.0485004909347;
1749152565;354.12827;-23.912657;-8.979601;355.0482738002907;
1749152575;354.1151;-23.912762;-8.975898;355.03506823303843;
1749152584;354.1138;-23.915815;-8.975904;355.03396523431223;
1749152594;354.10428;-23.920887;-8.976138;355.0248160166575;
1749152606;354.09042;-23.926004;-8.968849;355.0111575944544;
1749152613;354.09042;-23.926004;-8.968849;355.0111575944544;
1749152624;354.0879;-23.921106;-8.965608;355.008219251513;
1749152638;354.07956;-23.914253;-8.962378;354.99936626945413;
1749152640;354.07956;-23.914253;-8.962378;354.99936626945413;
1749152645;354.0796;-23.906208;-8.957623;354.99873482597883;
1749152657;354.07202;-23.898666;-8.957657;354.9906791301566;
1749152666;354.06766;-23.899368;-8.958742;354.9864010522505;
1749152676;354.06802;-23.901577;-8.961007;354.9869721909302;
1749152686;354.0641;-23.90252;-8.957318;354.98301595833584;
1749152696;354.0645;-23.902832;-8.951716;354.9833218525908;
1749152708;354.0589;-23.905485;-8.9488125;354.9778265946106;
1749152720;354.0592;-23.911251;-8.947885;354.97849593287594;
1749152730;354.05405;-23.919956;-8.950251;354.973997958873;
1749152738;354.05493;-23.927765;-8.956271;354.9755587996177;
1749152747;354.0521;-23.931849;-8.961373;354.9731320842436;
1749152756;354.05414;-23.929907;-8.963268;354.97508840030156;
1749152780;354.04227;-23.920765;-8.96127;354.9625812303591;
1749152786;354.04227;-23.920765;-8.96127;354.9625812303591;
1749152788;354.02832;-23.896017;-8.952732;354.9467884445863;
1749152806;354.02798;-23.888702;-8.94777;354.94583612938607;
1749152807;354.01538;-23.88591;-8.949003;354.9331081229162;
1749152816;354.0141;-23.890982;-8.955221;354.93232787137043;
1749152826;354.00656;-23.902685;-8.9608;354.92573832650095;
1749152836;354.00833;-23.915136;-8.967459;354.9285106764399;
1749152847;354.00235;-23.927109;-8.972395;354.9234764095827;
1749152856;354.00412;-23.93633;-8.973951;354.92590300185145;
1749152867;353.99365;-23.941032;-8.974351;354.91578988136047;
1749152876;353.991;-23.941057;-8.971298;354.9130662450962;
1749152886;353.98145;-23.936314;-8.9663515;354.90309409057585;
1749152896;353.98007;-23.927937;-8.961673;354.9010412990262;
1749152906;353.96915;-23.919783;-8.960081;354.8895544962063;
1749152917;353.9713;-23.913738;-8.960226;354.89131194279054;
1749152925;353.95944;-23.910053;-8.965066;354.8793453179361;
1749152936;353.96103;-23.910135;-8.972035;354.8811097762506;
1749152944;353.9569;-23.916142;-8.981315;354.877640030716;
1749152954;353.95605;-23.925951;-8.987022;354.8775934783767;
1749152965;353.95322;-23.935215;-8.988431;354.87542309432155;
1749152974;353.9534;-23.943708;-8.98575;354.87611078955354;
1749152984;353.94547;-23.95056;-8.98152;354.8685520841658;
1749152995;353.94653;-23.952568;-8.973995;354.8695626183069;
1749153005;353.93698;-23.954195;-8.969578;354.86003360014644;
1749153015;353.9383;-23.951323;-8.968858;354.8611303553089;
1749153025;353.93228;-23.946262;-8.971173;354.8548510514949;
1749153034;353.9329;-23.941452;-8.975582;354.85524672722005;
1749153047;353.92816;-23.938011;-8.975523;354.8502951672278;
1749153055;353.92923;-23.934124;-8.97691;354.851133378066;
1749153066;353.92426;-23.930233;-8.982142;354.8460419315158;
1749153076;353.92227;-23.928175;-8.987358;354.8440567185619;
1749153089;353.9197;-23.930037;-8.991028;354.8417184036559;
1749153101;353.91678;-23.930246;-8.990405;354.8387946991051;
1749153115;353.9067;-23.931925;-8.982568;354.8286647802848;
1749153129;353.90573;-23.93139;-8.974564;354.82745219703804;
1749153148;353.89035;-23.92856;-8.967521;354.8117423208583;
1749153160;353.89035;-23.92856;-8.967521;354.8117423208583;
1749153167;353.87903;-23.927303;-8.968969;354.8004015498459;
1749153171;353.8807;-23.93094;-8.974903;354.8024710191036;
1749153178;353.87152;-23.935225;-8.981391;354.79376224644875;
1749153182;353.87274;-23.938227;-8.986172;354.7953033757339;
1749153189;353.86426;-23.938713;-8.990672;354.7869883829374;
1749153202;353.86404;-23.936054;-8.987384;354.7865126108037;
1749153217;353.85373;-23.932238;-8.985086;354.775908819706;
1749153220;353.85406;-23.926273;-8.983683;354.77580580617735;
1749153228;353.84494;-23.923998;-8.983136;354.7665374651401;
1749153241;353.846;-23.929777;-8.983314;354.7679970729468;
1749153249;353.8395;-23.938335;-8.990712;354.7622785325866;
1749153258;353.83975;-23.945126;-9.001818;354.76326190294685;
1749153276;353.83765;-23.95405;-9.00812;354.76192411601653;
1749153281;353.83765;-23.95405;-9.00812;354.76192411601653;
1749153288;353.8336;-23.959776;-9.009243;354.75829105009393;
1749153291;353.82346;-23.958078;-9.00361;354.74792795512116;
1749153298;353.82355;-23.952425;-8.992766;354.7473624700172;
1749153310;353.80246;-23.945854;-8.986892;354.7257372360582;
1749153319;353.80478;-23.944263;-8.985518;354.7279083678455;
1749153333;353.78702;-23.946503;-8.988483;354.7104196450868;
1749153338;353.78702;-23.946503;-8.988483;354.7104196450868;
1749153341;353.791;-23.954279;-8.996092;354.7150945357985;
1749153350;353.7758;-23.9652;-9.006204;354.7009307193635;
1749153364;353.77762;-23.978302;-9.015225;354.7038716206499;
1749153369;353.77762;-23.978302;-9.015225;354.7038716206499;
1749153373;353.76184;-23.986422;-9.017481;354.6887415776226;
1749153387;353.76056;-23.987589;-9.015531;354.6874925539045;
1749153393;353.76056;-23.987589;-9.015531;354.6874925539045;
1749153398;353.74176;-23.983276;-9.00993;354.6683088820606;
1749153401;353.7375;-23.976942;-9.00057;354.6633816542369;
1749153407;353.71884;-23.970089;-8.992471;354.6441153665615;
1749153415;353.7175;-23.965439;-8.991145;354.64242821809796;
1749153426;353.70538;-23.966663;-8.996859;354.6305719945808;
1749153435;353.70624;-23.971567;-9.008043;354.6320396261051;
1749153445;353.69846;-23.977552;-9.017247;354.6249165098171;
1749153455;353.69482;-23.979975;-9.018905;354.6215003489209;
1749153469;353.6837;-23.975636;-9.0159855;354.6100229021426;
1749153478;353.68124;-23.968578;-9.009044;354.60693436537775;
1749153486;353.66763;-23.961123;-8.998363;354.5925839500647;
1749153495;353.6665;-23.956291;-8.987723;354.5908614788225;
1749153506;353.6539;-23.95529;-8.9820385;354.5780788708597;
1749153514;353.65768;-23.957457;-8.982874;354.5820207412579;
1749153524;353.64474;-23.967415;-8.98639;354.5698771165959;
1749153534;353.6494;-23.977299;-8.991457;354.57533081162603;
1749153544;353.63663;-23.980803;-8.996841;354.562950886662;
1749153554;353.63745;-23.978767;-8.999204;354.5636950168952;
1749153564;353.62564;-23.972158;-8.998353;354.551447066279;
1749153575;353.6273;-23.965237;-8.998565;354.5526281561018;
1749153585;353.61417;-23.960524;-8.998434;354.5392179811503;
1749153595;353.61703;-23.959253;-8.9989605;354.5420066638799;
1749153605;353.606;-23.9608;-9.005371;354.5312554398383;
1749153615;353.60828;-23.966991;-9.0117035;354.53411767153204;
1749153625;353.60367;-23.973236;-9.016239;354.5300590791332;
1749153639;353.6079;-23.978092;-9.016027;354.5346129523954;
1749153650;353.59653;-23.980413;-9.012507;354.52332715329305;
1749153658;353.59937;-23.983526;-9.00661;354.5262185604368;
1749153666;353.5886;-23.98701;-9.002347;354.5156013792812;
1749153677;353.5899;-23.991764;-9.003419;354.5172591869006;
1749153690;353.59244;-23.996927;-9.00865;354.52026785434845;
1749153696;353.59238;-24.00396;-9.016851;354.52089156421704;
1749153706;353.60196;-24.00647;-9.023749;354.5307944471621;
1749153716;353.60226;-24.000977;-9.026006;354.5307843439093;
1749153725;353.6132;-23.988556;-9.025;354.5408148021181;
1749153735;353.6142;-23.973557;-9.021166;354.54070712386107;
1749153745;353.62616;-23.960955;-9.017405;354.55169120307403;
1749153755;353.62534;-23.952381;-9.012518;354.55016582375623;
1749153765;353.64105;-23.947075;-9.008623;354.56538398452483;
1749153776;353.63766;-23.945395;-9.0070095;354.56185088130565;
1749153785;353.653;-23.947235;-9.002358;354.5771674008397;
1749153795;353.64948;-23.950762;-8.994396;354.5736727262588;
1749153805;353.6589;-23.953846;-8.988451;354.5831356608777;
1749153815;353.6596;-23.956741;-8.985196;354.58394884839373;
1749153825;353.6649;-23.960346;-8.983114;354.58940545039917;
1749153839;353.66455;-23.967262;-8.98782;354.58965726932786;
1749153840;353.66455;-23.967262;-8.98782;354.58965726932786;
1749153847;353.6816;-23.973742;-8.998901;354.60739112010594;
1749153857;353.68524;-23.977787;-9.015069;354.61169740340426;
1749153866;353.70602;-23.981339;-9.033188;354.63312678515814;
1749153874;353.7096;-23.981312;-9.048381;354.637073517737;
1749153885;353.72696;-23.975206;-9.057193;354.6542047505458;
1749153895;353.72852;-23.967817;-9.059507;354.6553167605013;
1749153905;353.73773;-23.959179;-9.056706;354.66385378213363;
1749153917;353.73618;-23.953207;-9.051224;354.6617581040174;
1749153926;353.74295;-23.953592;-9.043042;354.6683326456226;
1749153939;353.74152;-23.96256;-9.036562;354.667342713378;
1749153945;353.7481;-23.975796;-9.033044;354.6747221230518;
1749153956;353.74808;-23.99108;-9.031886;354.6756956896291;
1749153964;353.7549;-24.00111;-9.029825;354.68313990578724;
1749153975;353.75986;-24.001308;-9.021968;354.6878842896508;
1749153984;353.75986;-24.001308;-9.021968;354.6878842896508;
1749153994;353.761;-23.99118;-9.020953;354.68829947157275;
1749154005;353.76593;-23.958197;-9.014541;354.6908378897176;
1749154015;353.77158;-23.942125;-9.016438;354.69543194830385;
1749154025;353.77097;-23.927256;-9.019802;354.69390532755136;
1749154035;353.7768;-23.920078;-9.023604;354.6993316328023;
1749154046;353.7765;-23.922688;-9.025365;354.6992480135913;
1749154054;353.77692;-23.928423;-9.023988;354.7000259798423;
1749154066;353.7744;-23.931051;-9.0212555;354.69763786931645;
1749154076;353.77075;-23.932476;-9.009777;354.693789669197;
1749154085;353.76468;-23.937317;-8.991187;354.68758740853553;
1749154096;353.75717;-23.943806;-8.978286;354.68021079152817;
1749154114;353.7555;-23.939629;-8.972965;354.678120084272;
1749154120;353.75528;-23.934109;-8.97427;354.67756749431453;
1749154146;353.75015;-23.929493;-8.977355;354.67222049616083;
1749154161;353.75015;-23.929493;-8.977355;354.67222049616083;
1749154177;353.76273;-23.926975;-8.98113;354.6846867586427;
1749154180;353.76334;-23.922983;-8.987172;354.68517929698095;
1749154252;353.77435;-23.914473;-8.990548;354.6956791595299;
1749154266;353.77448;-23.905264;-8.991209;354.69519691223746;
1749154269;353.7821;-23.89411;-8.985304;354.70190530121346;
1749154273;353.78152;-23.88524;-8.976092;354.7004963902846;
1749154277;353.78723;-23.880974;-8.970654;354.7057635124662;
1749154283;353.7872;-23.884329;-8.971733;354.7059862748561;
1749154286;353.79813;-23.894163;-8.972184;354.7175569915128;
1749154290;353.79935;-23.90432;-8.973101;354.7194820172165;
1749154296;353.80948;-23.909676;-8.971982;354.72992023300543;
1749154299;353.8107;-23.910757;-8.96877;354.7311294397953;
1749154308;353.82257;-23.908367;-8.961245;354.7426187148446;
1749154310;353.82257;-23.908367;-8.961245;354.7426187148446;
1749154311;353.8244;-23.903961;-8.9519205;354.74391268823643;
1749154313;353.8388;-23.899426;-8.950447;354.7579368835009;
1749154315;353.8388;-23.899426;-8.950447;354.7579368835009;
1749154317;353.8431;-23.896849;-8.95794;354.7622442524358;
1749154318;353.86163;-23.900852;-8.969158;354.78127354282543;
1749154319;353.8626;-23.906391;-8.980101;354.78289756431155;
1749154320;353.8875;-23.91162;-8.991914;354.8083867975817;
1749154324;353.88504;-23.914215;-8.995943;354.806198383319;
1749154336;353.90417;-23.913336;-8.990496;354.8250859027337;
1749154346;353.8992;-23.909903;-8.977937;354.8195750813484;
1749154356;353.9113;-23.903788;-8.965124;354.83089274564423;
1749154368;353.90717;-23.900616;-8.955817;354.82633485155316;
1749154380;353.92163;-23.904465;-8.95364;354.840967044048;
1749154396;353.9212;-23.909687;-8.95945;354.8410393988805;
1749154403;353.9212;-23.909687;-8.95945;354.8410393988805;
1749154422;353.94193;-23.914488;-8.969574;354.8622863776112;
1749154428;353.9441;-23.915586;-8.97888;354.86475688488036;
1749154429;353.9441;-23.915586;-8.97888;354.86475688488036;
1749154430;353.95944;-23.912498;-8.981115;354.87991588024016;
1749154431;353.96304;-23.903423;-8.97797;354.88281665075056;
1749154434;353.9643;-23.892939;-8.971423;354.8831930125734;
1749154444;353.96564;-23.885147;-8.965276;354.88385247098705;
1749154455;353.9669;-23.881838;-8.9630165;354.8848206771015;
1749154465;353.96515;-23.88452;-8.965895;354.8833388555049;
1749154475;353.97217;-23.892683;-8.969397;354.89097772983683;
1749154488;353.9671;-23.902822;-8.972556;354.88668757880237;
1749154496;353.9752;-23.91212;-8.973174;354.89539578718836;
1749154507;353.97144;-23.91483;-8.970061;354.89175566802845;
1749154516;353.9727;-23.915234;-8.963665;354.89286928108714;
1749154526;353.96756;-23.913168;-8.957205;354.887453315463;
1749154548;353.96732;-23.909878;-8.949314;354.8867890522607;
1749154549;353.96405;-23.909369;-8.946148;354.8834179912797;
1749154554;353.9649;-23.908619;-8.948479;354.8842785325703;
1749154564;353.96487;-23.907835;-8.95241;354.88429442594355;
1749154575;353.96628;-23.907846;-8.958387;354.88584621166774;
1749154585;353.96902;-23.910152;-8.96529;354.8889153425206;
1749154594;353.96954;-23.91448;-8.971324;354.8898768809602;
1749154604;353.97293;-23.92022;-8.974014;354.89371034895566;
1749154615;353.9705;-23.925661;-8.975011;354.89166729701407;
1749154624;353.97495;-23.933964;-8.977139;354.8967249655573;
1749154636;353.97192;-23.945395;-8.979621;354.8945454204958;
1749154645;353.97684;-23.959755;-8.981922;354.9004734104997;
1749154655;353.9736;-23.972075;-8.983041;354.89810720836493;
1749154665;353.97266;-23.978271;-8.985045;354.89763301196155;
1749154680;353.97647;-23.978882;-8.985239;354.9014839061528;
1749154684;353.97647;-23.978882;-8.985239;354.9014839061528;
1749154689;353.97092;-23.972532;-8.984487;354.89549617613545;
1749154697;353.97925;-23.96528;-8.983697;354.903296025149;
1749154705;353.97363;-23.958082;-8.984145;354.8972207463365;
1749154717;353.98236;-23.951605;-8.982834;354.90545567025174;
1749154727;353.97943;-23.948505;-8.983607;354.9023440185876;
1749154735;353.98605;-23.94428;-8.987122;354.90875303089905;
1749154745;353.98236;-23.942558;-8.982721;354.9048424093715;
1749154755;353.9777;-23.946426;-8.974298;354.90023321929175;
1749154765;353.9775;-23.947205;-8.964514;354.89985583348204;
1749154775;353.96863;-23.947327;-8.9556675;354.8907831895438;
1749154788;353.97028;-23.946829;-8.94844;354.8922109438659;
1749154796;353.9613;-23.945082;-8.943411;354.88301743100476;
1749154807;353.963;-23.945076;-8.943772;354.884730699547;
1749154816;353.95905;-23.945032;-8.948628;354.8808931762661;
1749154825;353.9593;-23.945549;-8.953293;354.8812892074495;
1749154835;353.9628;-23.947496;-8.959305;354.8850727408118;
1749154845;353.96176;-23.95113;-8.965262;354.8844334997914;
1749154855;353.96533;-23.95667;-8.968935;354.88846156111265;
1749154865;353.96347;-23.960234;-8.974257;354.88697991739843;
1749154876;353.967;-23.960817;-8.975455;354.89058044126847;
1749154885;353.96033;-23.966513;-8.967265;354.8840920201516;
1749154899;353.95853;-23.969852;-8.958498;354.88230031047385;
1749154901;353.95853;-23.969852;-8.958498;354.88230031047385;
1749154909;353.95355;-23.964697;-8.95156;354.87681562927906;
1749154915;353.95007;-23.96181;-8.943798;354.8729549713823;
1749154924;353.94766;-23.962553;-8.939478;354.8704917268439;
1749154934;353.946;-23.961876;-8.9395;354.86880289444457;
1749154945;353.94928;-23.96148;-8.939493;354.8720328281218;
1749154953;353.94586;-23.961102;-8.945416;354.86874750963545;
1749154964;353.9493;-23.960098;-8.9543495;354.87234458043343;
1749154974;353.94873;-23.957985;-8.962692;354.87183418050296;
1749154984;353.95352;-23.955109;-8.970289;354.87661075784155;
1749154994;353.95236;-23.953299;-8.980641;354.8755937506701;
1749155004;353.957;-23.95385;-8.990014;354.88049487181354;
1749155014;353.95886;-23.957138;-8.994462;354.88268627116105;
1749155024;353.96173;-23.962955;-8.9962015;354.8859843088899;
1749155034;353.96353;-23.96928;-8.996536;354.88821576343236;
1749155044;353.96478;-23.975468;-8.994255;354.8898238568168;
1749155055;353.96716;-23.98174;-8.991267;354.8925461715309;
1749155064;353.96457;-23.988527;-8.989239;354.8903662081771;
1749155074;353.97458;-23.996206;-8.989583;354.90087770542965;
1749155084;353.97278;-23.997543;-8.987744;354.8991257048689;
1749155093;353.97977;-23.993032;-8.987554;354.90578617739703;
1749155103;353.9808;-23.98182;-8.987723;354.9060674816261;
1749155114;353.98743;-23.969921;-8.990393;354.911936374878;
1749155124;353.99005;-23.959492;-8.995962;354.9139909564428;
1749155134;353.99753;-23.951445;-9.003202;354.9210887476982;
1749155144;353.9978;-23.94794;-9.011284;354.92133135056565;
1749155154;354.00656;-23.948807;-9.016658;354.9302620129198;
1749155164;354.0091;-23.955301;-9.017595;354.93325046815227;
1749155175;354.0102;-23.96474;-9.017939;354.9349921786238;
1749155184;354.01624;-23.974087;-9.0188265;354.94167261636153;
1749155194;354.01437;-23.98459;-9.020768;354.94057486226586;
1749155204;354.0181;-23.997154;-9.024651;354.94523616885687;
1749155214;354.02246;-24.01133;-9.030413;354.9506939744008;
1749155223;354.02768;-24.023464;-9.042555;354.95702900868025;
1749155235;354.03937;-24.03454;-9.063446;354.96996920861744;
1749155244;354.04672;-24.045307;-9.086514;354.9786235710759;
1749155254;354.06;-24.050467;-9.104943;354.99268556395754;
1749155264;354.064;-24.046616;-9.120107;354.9968012239478;
1749155274;354.07404;-24.037966;-9.125865;355.006377305906;
1749155284;354.06796;-24.02719;-9.1172905;354.9993703967936;
1749155294;354.07053;-24.014057;-9.098851;355.0005654974909;
1749155306;354.06342;-23.99239;-9.0687685;354.9912386799499;
1749155313;354.06342;-23.99239;-9.0687685;354.9912386799499;
1749155324;354.0594;-23.993353;-9.055935;354.9869583651561;
1749155334;354.05624;-23.99651;-9.043827;354.98372796594634;
1749155344;354.0536;-23.994184;-9.033244;354.98065324582797;
1749155356;354.04837;-23.979885;-9.020332;354.97415376396657;
1749155364;354.04837;-23.979885;-9.020332;354.97415376396657;
1749155375;354.05148;-23.971684;-9.022861;354.976768740966;
1749155384;354.04926;-23.967232;-9.029022;354.9744028360341;
1749155394;354.0583;-23.963945;-9.038111;354.98342191195974;
1749155405;354.06137;-23.958815;-9.046476;354.98636292194885;
1749155414;354.06363;-23.954586;-9.042202;354.98822106642126;
1749155424;354.05957;-23.950663;-9.033524;354.983687114452;
1749155433;354.06052;-23.94975;-9.024497;354.98433959564;
1749155444;354.05814;-23.953634;-9.017617;354.9820526067525;
1749155453;354.0551;-23.96101;-9.015014;354.97947088389776;
1749155464;354.06427;-23.969608;-9.021095;354.98933728610143;
1749155474;354.06467;-23.976105;-9.029771;354.99039226344826;
1749155485;354.0753;-23.975769;-9.037808;355.00116654865406;
1749155494;354.07755;-23.969978;-9.043772;355.00317978774046;
1749155504;354.08194;-23.958567;-9.0418;355.0067422957874;
1749155513;354.08038;-23.943913;-9.037934;355.0041028509369;
1749155524;354.08356;-23.93348;-9.032962;355.0064383368252;
1749155534;354.0821;-23.930382;-9.026565;355.00460576923484;
1749155544;354.08176;-23.935032;-9.021752;355.0044621104771;
1749155554;354.08017;-23.94267;-9.018025;355.003299741276;
1749155563;354.08554;-23.952198;-9.013212;355.0091773011904;
1749155573;354.0814;-23.959969;-9.009541;355.00546887172436;
1749155584;354.09283;-23.962667;-9.003681;355.01691668393886;
1749155594;354.08948;-23.960764;-9.001857;355.0133937444816;
1749155604;354.10498;-23.956354;-9.000474;355.02852368268833;
1749155613;354.1002;-23.951412;-8.997114;355.02332628695336;
1749155624;354.11685;-23.944942;-8.994262;355.03943689092347;
1749155634;354.11624;-23.937584;-8.993618;355.0383156101528;
1749155644;354.13126;-23.931389;-8.9945545;355.05289737303804;
1749155654;354.13232;-23.927122;-8.993466;355.05364758978465;
1749155665;354.14517;-23.922644;-8.992605;355.066138576325;
1749155674;354.144;-23.920233;-8.991826;355.06479975740933;
1749155684;354.1535;-23.92276;-8.989594;355.0743798674482;
1749155694;354.15057;-23.928963;-8.987167;355.07181429537025;
1749155704;354.1621;-23.933016;-8.983803;355.0835080315864;
1749155714;354.16248;-23.936666;-8.981052;355.08404979375854;
1749155724;354.16556;-23.938408;-8.975619;355.0871040885911;
1749155733;354.16403;-23.936941;-8.968702;355.08530851437916;
1749155744;354.16556;-23.93224;-8.962985;355.0863691625888;
1749155754;354.16132;-23.92712;-8.961399;355.0817531888573;
1749155764;354.16858;-23.923874;-8.963113;355.0888220669465;
1749155775;354.16544;-23.922188;-8.967131;355.0856747472612;
1749155784;354.16992;-23.919247;-8.97157;355.09006321060093;
1749155794;354.16873;-23.917084;-8.974697;355.0888094398695;
1749155804;354.16425;-23.91685;-8.9699745;355.0841998466733;
1749155814;354.15997;-23.912807;-8.957457;355.07935024035595;
1749155824;354.14835;-23.909077;-8.945288;355.06719513002093;
1749155834;354.14557;-23.906136;-8.935542;355.06398178995653;
1749155845;354.13745;-23.907246;-8.9268265;355.0557406202059;
1749155854;354.13678;-23.910772;-8.920439;355.05514791014957;
1749155864;354.1289;-23.91188;-8.917578;355.0472975018294;
1749155874;354.1284;-23.90912;-8.917892;355.04660208282934;
1749155884;354.12366;-23.904385;-8.919981;355.04161766240077;
1749155895;354.12198;-23.899664;-8.920822;355.0396468624102;
1749155904;354.1172;-23.893425;-8.920933;355.03445083828177;
1749155913;354.11423;-23.888573;-8.92186;355.031195050835;
1749155923;354.11047;-23.884363;-8.924149;355.02722539013337;
1749155933;354.1083;-23.880104;-8.924048;355.02477521324835;
1749155944;354.09964;-23.874681;-8.91883;355.0156347466752;
1749155954;354.095;-23.871151;-8.912035;355.01059999073084;
1749155964;354.08408;-23.864346;-8.90235;354.99900233276054;
1749155973;354.08084;-23.86094;-8.897964;354.9954369650426;
1749155983;354.07275;-23.860231;-8.897718;354.98731680786443;
1749155993;354.06995;-23.86514;-8.902807;354.9849740379229;
1749156003;354.0664;-23.868774;-8.907176;354.9817970142002;
1749156014;354.0658;-23.869387;-8.906456;354.98121133900145;
1749156024;354.05637;-23.866194;-8.902311;354.9714870713916;
1749156033;354.05685;-23.85858;-8.897413;354.9713394414548;
1749156043;354.04413;-23.851683;-8.891377;354.9580316404111;
1749156053;354.04504;-23.847492;-8.887541;354.9585671724309;
1749156064;354.0343;-23.847517;-8.887444;354.9478518621773;
1749156075;354.034;-23.851196;-8.89154;354.94789726980383;
1749156084;354.0332;-23.85473;-8.89814;354.947508769776;
1749156093;354.0302;-23.858696;-8.901082;354.944866041422;
1749156104;354.0313;-23.860119;-8.901034;354.9460562932929;
1749156113;354.02982;-23.862247;-8.899475;354.9446687826665;
1749156123;354.02707;-23.864668;-8.894815;354.94197520882875;
1749156134;354.02505;-23.865479;-8.889992;354.9398998952193;
1749156144;354.01807;-23.864346;-8.884652;354.9327195035482;
1749156154;354.01523;-23.862629;-8.879602;354.92964689814215;
1749156164;354.00726;-23.861187;-8.87549;354.92150252834494;
1749156174;354.00714;-23.857841;-8.874256;354.921125014804;
1749156184;354.00085;-23.85662;-8.879494;354.9149035265421;
1749156195;354.00607;-23.860437;-8.891491;354.92066550591653;
1749156205;354.00253;-23.866253;-8.905987;354.9178890524601;
1749156214;354.0088;-23.872686;-8.91814;354.92486686224754;
1749156224;354.00275;-23.881521;-8.927285;354.91966424049104;
1749156234;354.00555;-23.893036;-8.929462;354.92329434289496;
1749156244;353.99814;-23.900795;-8.930543;354.9164473625087;
1749156254;353.99835;-23.902727;-8.931949;354.9168259264097;
1749156264;353.99167;-23.905653;-8.926328;354.91021552146776;
1749156274;353.9915;-23.910185;-8.919774;354.91017340096647;
1749156284;353.98505;-23.908436;-8.920246;354.9036448950015;
1749156293;353.98553;-23.90479;-8.927804;354.90407642804587;
1749156304;353.99292;-23.903975;-8.942149;354.9117487276716;
1749156314;353.994;-23.90804;-8.955884;354.9134341745181;
1749156325;353.99686;-23.91186;-8.960653;354.91667314878845;
1749156334;353.99707;-23.91146;-8.962017;354.9168937946621;
1749156344;353.99405;-23.91092;-8.964232;354.9138998382367;
1749156354;353.9927;-23.912125;-8.959186;354.9125143241508;
1749156364;353.98532;-23.914063;-8.951663;354.9050889622536;
1749156374;353.98712;-23.915575;-8.944886;354.9068158884705;
1749156385;353.97754;-23.920288;-8.941097;354.8974803560349;
1749156394;353.98157;-23.928774;-8.938273;354.9019991463843;
1749156404;353.96796;-23.935179;-8.937258;354.88882994215203;
1749156414;353.9723;-23.937056;-8.939425;354.8933333741506;
1749156424;353.96082;-23.939684;-8.9444065;354.88219134434706;
1749156434;353.96252;-23.943945;-8.953174;354.88440442856495;
1749156445;353.9606;-23.94759;-8.963331;354.88298916503476;
1749156454;353.9626;-23.950968;-8.975025;354.8854911557226;
1749156464;353.9643;-23.9524;-8.985063;354.8875463572711;
1749156473;353.96555;-23.95233;-8.992681;354.8889825125388;
1749156484;353.96362;-23.950155;-8.990912;354.8868733608201;
1749156494;353.96298;-23.946163;-8.9829445;354.88576299249036;
1749156504;353.94922;-23.942713;-8.9737625;354.871570237472;
1749156514;353.94836;-23.943102;-8.962313;354.8704548669288;
1749156524;353.9321;-23.950209;-8.955512;354.85453915777293;
1749156534;353.93317;-23.961695;-8.957189;354.8564222230453;
1749156544;353.9226;-23.972681;-8.961908;354.8467518266331;
1749156554;353.9224;-23.980602;-8.96638;354.84718695475175;
1749156565;353.9139;-23.98176;-8.970733;354.8389134355902;
1749156573;353.9154;-23.97852;-8.977058;354.84034587697266;
1749156584;353.91028;-23.970297;-8.979052;354.8347271614779;
1749156593;353.91205;-23.956673;-8.97909;354.83557343923604;
1749156604;353.90625;-23.943502;-8.9776535;354.82886489112025;
1749156614;353.90656;-23.933569;-8.978699;354.82852555872546;
1749156624;353.90543;-23.92816;-8.980166;354.82707166548664;
1749156634;353.90585;-23.927252;-8.983232;354.82751416463736;
1749156644;353.9063;-23.930805;-8.984413;354.8282402908907;
1749156654;353.90253;-23.934847;-8.980307;354.8246345969332;
1749156664;353.90198;-23.9369;-8.969591;354.8239541151256;
1749156674;353.898;-23.933285;-8.955358;354.81939379060276;
1749156685;353.89212;-23.92792;-8.940526;354.8127832891273;
1749156694;353.89105;-23.923529;-8.930836;354.8111778265436;
1749156705;353.8884;-23.921644;-8.927022;354.8083066500258;
1749156714;353.88898;-23.918308;-8.934226;354.80884141018726;
1749156725;353.89703;-23.917301;-8.945894;354.8171032729279;
1749156735;353.8994;-23.917633;-8.95443;354.8197151438294;
1749156746;353.90204;-23.912258;-8.956438;354.8220212719868;
1749156753;353.90204;-23.912258;-8.956438;354.8220212719868;
1749156765;353.8998;-23.907375;-8.954088;354.8194109248391;
1749156774;353.8986;-23.905579;-8.951643;354.81801062975234;
1749156784;353.897;-23.907137;-8.948418;354.8164514642351;
1749156795;353.89578;-23.911743;-8.945194;354.81546303926086;
1749156803;353.89578;-23.911743;-8.945194;354.81546303926086;
1749156813;353.89755;-23.914268;-8.943476;354.8173553452217;
1749156824;353.89545;-23.91196;-8.939305;354.8149944533104;
1749156834;353.89542;-23.906582;-8.937676;354.8145605337482;
1749156845;353.89914;-23.901651;-8.939068;354.81797691741656;
1749156854;353.9055;-23.902794;-8.943453;354.8244955969789;
1749156864;353.9078;-23.906313;-8.952237;354.8272675211054;
1749156874;353.9156;-23.908285;-8.957246;354.8352886182132;
1749156884;353.9179;-23.906366;-8.961461;354.8375790945614;
1749156895;353.9184;-23.904558;-8.961263;354.8379392843221;
1749156904;353.91684;-23.903027;-8.957417;354.8361866310562;
1749156915;353.91284;-23.900799;-8.951903;354.83190998748915;
1749156925;353.91376;-23.901215;-8.9484215;354.832763326099;
1749156934;353.91153;-23.903952;-8.947874;354.83071188478215;
1749156944;353.91196;-23.908081;-8.948919;354.83144259376076;
1749156954;353.9145;-23.910927;-8.951258;354.83421972533574;
1749156964;353.9152;-23.909874;-8.952148;354.8348713352138;
1749156975;353.91867;-23.909697;-8.954411;354.83838644734425;
1749156984;353.91772;-23.908457;-8.955324;354.8373823745057;
1749156994;353.92355;-23.90636;-8.958146;354.8431261253624;
1749157004;353.92523;-23.90304;-8.96545;354.84476100979305;
1749157014;353.9316;-23.902863;-8.969636;354.8512164845668;
1749157023;353.93317;-23.903793;-8.971598;354.8528811381722;
1749157038;353.93634;-23.904503;-8.972708;354.8561226037495;
1749157044;353.94046;-23.905622;-8.973779;354.8603343021703;
1749157054;353.93774;-23.905806;-8.969063;354.8575183869688;
1749157064;353.93594;-23.906696;-8.964039;354.85565557830944;
1749157074;353.93738;-23.90887;-8.959778;354.8571250694407;
1749157084;353.93497;-23.913218;-8.956666;354.85493477386433;
1749157094;353.9382;-23.918148;-8.955896;354.8584741173201;
1749157104;353.94067;-23.92356;-8.957577;354.8613468038355;
1749157114;353.9417;-23.927286;-8.960649;354.86271053975315;
1749157124;353.94348;-23.926058;-8.962236;354.8644332440067;
1749157134;353.9436;-23.918869;-8.961632;354.86405510958934;
1749157144;353.94275;-23.909594;-8.962068;354.86258876820426;
1749157154;353.9467;-23.902746;-8.965092;354.8661304318253;
1749157164;353.94843;-23.90033;-8.973348;354.8679113278239;
1749157174;353.95483;-23.903692;-8.983478;354.87478619018236;
1749157184;353.9559;-23.910542;-8.991327;354.8765117530004;
1749157194;353.96606;-23.920996;-8.998612;354.8875368979528;
1749157204;353.9703;-23.931324;-9.006447;354.8926628766956;
1749157215;353.97464;-23.944483;-9.012926;354.89803716097737;
1749157224;353.9788;-23.957315;-9.01381;354.90306522661785;
1749157234;353.98126;-23.965183;-9.012094;354.9060183095254;
1749157244;353.9812;-23.96882;-9.008427;354.9061099695139;
1749157254;353.98392;-23.967543;-9.003457;354.90860654790396;
1749157264;353.9824;-23.963186;-9.001002;354.90672821131375;
1749157274;353.98843;-23.959116;-9.000721;354.9124730236515;
1749157285;353.98776;-23.953983;-9.002025;354.9114899932987;
1749157293;353.9971;-23.94931;-9.007787;354.92063490620677;
1749157304;353.9939;-23.944883;-9.015044;354.9173244698279;
1749157314;354.00696;-23.94177;-9.015615;354.93015653416535;
1749157324;354.00546;-23.94567;-9.013783;354.92888153533397;
1749157334;354.01755;-23.954128;-9.014432;354.9415223080706;
1749157344;354.01834;-23.962076;-9.01533;354.94287298931283;
1749157353;354.03198;-23.969864;-9.016914;354.95704486213356;
1749157363;354.03058;-23.97676;-9.018216;354.9561435966705;
1749157373;354.04755;-23.980165;-9.018248;354.9732979096214;
1749157384;354.04684;-23.976511;-9.014999;354.9722684686295;
1749157394;354.05502;-23.969475;-9.009564;354.979812694962;
1749157404;354.05725;-23.962765;-9.008895;354.9815646632239;
1749157413;354.06818;-23.95826;-9.010244;354.99219167842756;
1749157423;354.071;-23.960135;-9.01256;354.995207746004;
1749157433;354.08054;-23.969395;-9.018584;355.0054825472676;
1749157443;354.08145;-23.978182;-9.025185;355.00715682758533;
1749157454;354.09213;-23.985657;-9.0306635;355.01845439223325;
1749157465;354.0931;-23.991652;-9.034146;355.01992208447655;
1749157474;354.10364;-23.99685;-9.034805;355.0307912007555;
1749157484;354.1018;-23.999825;-9.03114;355.02907280805607;
1749157493;354.1136;-23.99718;-9.027771;355.040557448713;
1749157503;354.11246;-23.99242;-9.025048;355.03904027659274;
1749157514;354.12463;-23.990225;-9.022565;355.050973553356;
1749157524;354.12726;-23.99253;-9.023656;355.0537747617335;
1749157534;354.1461;-23.997267;-9.030454;355.07304783863185;
1749157545;354.1479;-24.002323;-9.040773;355.07544804597126;
1749157554;354.17242;-24.009226;-9.04741;355.1005557581758;
1749157564;354.16852;-24.013578;-9.049676;355.0970117760628;
1749157574;354.1935;-24.013954;-9.051849;355.12202112521913;
1749157584;354.19052;-24.011356;-9.054722;355.11893579170913;
1749157594;354.21246;-24.008701;-9.05478;355.1406425533478;
1749157603;354.2116;-24.002981;-9.050588;355.1392967735532;
1749157613;354.22696;-23.997208;-9.047325;355.1541337376772;
1749157623;354.22574;-23.992188;-9.042214;355.1524468957432;
1749157634;354.24136;-23.985945;-9.037486;355.16748912641026;
1749157644;354.2399;-23.979477;-9.033188;355.1654820147643;
1749157653;354.256;-23.974983;-9.027438;355.1811037651463;
1749157663;354.25488;-23.970936;-9.024701;355.17963482009475;
1749157673;354.26877;-23.96799;-9.02911;355.193397480083;
1749157683;354.27148;-23.971186;-9.0411005;355.19662707106323;
1749157695;354.2902;-23.978699;-9.053251;355.2161021842494;
1749157704;354.28995;-23.987206;-9.059855;355.2166014073748;
1749157714;354.30035;-23.990728;-9.061375;355.2272574088613;
1749157723;354.29865;-23.989937;-9.054036;355.2253123049498;
1749157734;354.301;-23.990213;-9.040784;355.2273371799135;
1749157743;354.2989;-23.989847;-9.025903;355.22483380024767;
1749157754;354.2993;-23.990843;-9.014114;355.2249974008764;
1749157763;354.29834;-23.996132;-9.01106;355.2243335697478;
1749157774;354.30576;-24.003767;-9.020024;355.23247336256964;
1749157784;354.30722;-24.011665;-9.032462;355.2347842116891;
1749157794;354.318;-24.017178;-9.046091;355.24624820344854;
1749157804;354.32086;-24.015898;-9.058325;355.2493345687412;
1749157814;354.32614;-24.00997;-9.062786;355.25431339635185;
1749157825;354.32623;-24.00319;-9.0653305;355.2540114225539;
1749157834;354.32312;-24.001194;-9.0647135;355.2507562179932;
1749157843;354.32175;-24.006052;-9.063372;355.24968052514816;
1749157853;354.3106;-24.014841;-9.06437;355.2391902311191;
1749157863;354.31107;-24.026913;-9.067016;355.2405305776041;
1749157874;354.29453;-24.03879;-9.0682335;355.22486796394963;
1749157883;354.29446;-24.04592;-9.0658;355.22522751776074;
1749157894;354.2729;-24.046194;-9.060288;355.2035860994833;
1749157903;354.2717;-24.040804;-9.052825;355.20184387899195;
1749157913;354.25586;-24.032381;-9.052898;355.1854786029284;
1749157923;354.25552;-24.027836;-9.058509;355.18497932400686;
1749157934;354.2471;-24.028605;-9.064655;355.1767873283252;
1749157943;354.24738;-24.0331;-9.073138;355.17758203407755;
1749157953;354.24234;-24.035341;-9.081263;355.1729191123194;
1749157963;354.24478;-24.037472;-9.085276;355.1756009337093;
1749157973;354.23557;-24.039583;-9.085295;355.1665521741364;
1749157983;354.23602;-24.040346;-9.08123;355.1669564288955;
1749157994;354.22528;-24.039509;-9.07473;355.1560195718437;
1749158004;354.22357;-24.037102;-9.065657;355.1539204256946;
1749158013;354.21005;-24.033756;-9.060516;355.14007895698774;
1749158023;354.20926;-24.030857;-9.057932;355.13902546390585;
1749158034;354.20248;-24.032492;-9.0574255;355.1323659956672;
1749158044;354.20352;-24.035051;-9.060653;355.1336564253306;
1749158055;354.20145;-24.034271;-9.065692;355.1316624728885;
1749158064;354.2004;-24.034485;-9.065702;355.1306423183625;
1749158074;354.1973;-24.035048;-9.06468;355.12754966327634;
1749158084;354.19733;-24.033869;-9.064937;355.12750687386836;
1749158094;354.19373;-24.034447;-9.065238;355.12396203774153;
1749158104;354.19403;-24.036686;-9.06572;355.12443026400206;
1749158115;354.19086;-24.043594;-9.068444;355.1218019866853;
1749158124;354.19522;-24.053276;-9.0703;355.12685758069927;
1749158133;354.19336;-24.059286;-9.073906;355.1255001304887;
1749158143;354.1941;-24.064709;-9.073448;355.12658634773135;
1749158153;354.1948;-24.071827;-9.068095;355.1276321094748;
1749158163;354.1959;-24.074442;-9.0664835;355.12886396707876;
1749158174;354.1948;-24.074099;-9.065076;355.12770901240776;
1749158184;354.19025;-24.076515;-9.063582;355.1232995512942;
1749158194;354.19464;-24.084366;-9.06609;355.12827886932666;
1749158204;354.1963;-24.085346;-9.074935;355.1302148970058;
1749158213;354.20093;-24.075638;-9.083743;355.134408263729;
1749158223;354.202;-24.06695;-9.084897;355.13491421276655;
1749158234;354.19904;-24.058744;-9.0825815;355.1313465777964;
1749158243;354.2021;-24.049438;-9.078603;355.1336582750912;
1749158253;354.19443;-24.04492;-9.074257;355.1256014139475;
1749158263;354.1912;-24.045952;-9.076857;355.1225113401398;
1749158274;354.19333;-24.051947;-9.078341;355.1250858656168;
1749158284;354.18915;-24.05939;-9.073249;355.12128994821563;
1749158295;354.1825;-24.056732;-9.04727;355.1138117586034;
1749158303;354.1825;-24.056732;-9.04727;355.1138117586034;
1749158314;354.1776;-24.049746;-9.035401;355.10816633356666;
1749158324;354.17487;-24.042957;-9.025986;355.1047278252611;
1749158334;354.17764;-24.042976;-9.019221;355.10732707349246;
1749158343;354.17984;-24.04549;-9.023058;355.1097862651894;
