1749191499;354.5566;-23.891909;-13.030884;355.5995177189102;
1749191505;354.57208;-23.418884;-12.030538;355.5482241245273;
1749191519;354.5708;-22.95155;-11.169826;355.4883843325836;
1749191532;354.54263;-22.574509;-10.495594;355.41559418548627;
1749191538;354.51324;-22.357603;-10.013843;355.3586639942258;
1749191546;354.50513;-22.296236;-9.732835;355.33890196695023;
1749191555;354.5026;-22.32731;-9.631333;355.3355604602967;
1749191565;354.56885;-22.387445;-9.656754;355.40613153262166;
1749191583;354.6021;-22.435867;-9.771794;355.44551454590555;
1749191584;354.6021;-22.435867;-9.771794;355.44551454590555;
1749191597;354.73288;-22.43128;-10.073156;355.5840923104938;
1749191606;354.8384;-22.36545;-10.175807;355.6881459930709;
1749191615;354.92514;-22.25903;-10.208258;355.7689252709549;
1749191625;354.9452;-22.129875;-10.179162;355.7800372763027;
1749191635;354.98734;-22.006971;-10.1200075;355.81277309353607;
1749191644;354.9222;-21.91253;-10.055021;355.740127209351;
1749191655;354.92224;-21.852793;-9.990688;355.734670379362;
1749191666;354.82175;-21.819721;-9.915702;355.6302762680321;
1749191675;354.81113;-21.803288;-9.813887;355.61584800681163;
1749191684;354.71063;-21.798748;-9.68664;355.5118128688088;
1749191695;354.71106;-21.799307;-9.528614;355.5080027890903;
1749191704;354.6065;-21.797436;-9.35215;355.39888190420766;
1749191715;354.58328;-21.791327;-9.173004;355.37066581875604;
1749191725;354.48132;-21.776735;-9.001996;355.26366358075643;
1749191735;354.4351;-21.763708;-8.845337;355.21279730518853;
1749191745;354.35657;-21.757046;-8.713499;355.13078006974547;
1749191755;354.31357;-21.749617;-8.629039;355.0853568997039;
1749191764;354.25842;-21.732714;-8.59908;355.0285695325592;
1749191776;354.21893;-21.711039;-8.595313;354.9877479207128;
1749191785;354.20987;-21.689232;-8.594726;354.9773565413509;
1749191797;354.17902;-21.671059;-8.602518;354.94564873447376;
1749191805;354.1815;-21.661524;-8.616218;354.94786559197564;
1749191816;354.1396;-21.669792;-8.643495;354.907223450618;
1749191825;354.15158;-21.695644;-8.700182;354.9221553267283;
1749191835;354.13092;-21.735285;-8.770086;354.9056857949992;
1749191848;354.1903;-21.773125;-8.829884;354.9687448394437;
1749191860;354.17758;-21.80073;-8.880368;354.95900072855613;
1749191865;354.22037;-21.824347;-8.920073;355.00413870799247;
1749191877;354.19495;-21.846684;-8.965828;354.9813003912188;
1749191887;354.22308;-21.866674;-9.013489;355.01181291840146;
1749191900;354.18506;-21.87975;-9.070434;354.97612867121006;
1749191906;354.2479;-21.888279;-9.130331;355.04088540282663;
1749191916;354.21133;-21.889917;-9.181532;355.0058285531577;
1749191925;354.26355;-21.882578;-9.221493;355.05851048025306;
1749191935;354.22617;-21.870354;-9.250891;355.02122171414857;
1749191954;354.26675;-21.85748;-9.266149;355.0613242778368;
1749191955;354.22348;-21.855473;-9.282247;355.01844420425783;
1749191966;354.29395;-21.86183;-9.321741;355.09017747983864;
1749191975;354.25748;-21.875927;-9.382885;355.05626960356705;
1749191993;354.36682;-21.897577;-9.458504;355.1687081010674;
1749191996;354.3376;-21.92578;-9.533508;355.1432838197649;
1749192005;354.44757;-21.963242;-9.594206;355.25696786011747;
1749192026;354.43396;-21.9975;-9.658409;355.247247453163;
1749192027;354.56885;-22.02276;-9.727856;355.385285119837;
1749192035;354.558;-22.052404;-9.7885065;355.3779799477001;
1749192046;354.67667;-22.100563;-9.845353;355.50091906269944;
1749192055;354.66513;-22.16139;-9.916567;355.4951763282005;
1749192064;354.7745;-22.239382;-9.999051;355.61147473011056;
1749192075;354.78043;-22.347027;-10.10444;355.62710807957166;
1749192085;354.88965;-22.47952;-10.241028;355.7483240641399;
1749192095;354.9321;-22.640224;-10.374386;355.8047246896349;
1749192105;355.07007;-22.843483;-10.502291;355.95909353389703;
1749192116;355.169;-23.084536;-10.632819;356.0772046865893;
1749192125;355.26236;-23.341526;-10.769841;356.19118529096954;
1749192135;355.3083;-23.606386;-10.904876;356.2585545828758;
1749192145;355.3639;-23.864128;-11.032975;356.3351212082313;
1749192156;355.3711;-24.105083;-11.140772;356.3618752331967;
1749192165;355.3888;-24.315247;-11.216235;356.39617002632303;
1749192175;355.38748;-24.486542;-11.2622175;356.4080392076694;
1749192194;355.4107;-24.608234;-11.301595;356.4408238057245;
1749192197;355.40604;-24.686413;-11.355373;356.44328325179947;
1749192206;355.40787;-24.738892;-11.453323;356.4518811930535;
1749192215;355.39005;-24.809607;-11.576926;356.4430192910793;
1749192229;355.35648;-24.897648;-11.735131;356.4208623088641;
1749192235;355.36087;-24.98888;-11.92069;356.43778581347846;
1749192245;355.40228;-25.090641;-12.141708;356.4936800394122;
1749192255;355.42407;-25.194752;-12.376532;356.5308194189735;
1749192264;355.45712;-25.285963;-12.641565;356.579521639711;
1749192275;355.47144;-25.35445;-12.920359;356.60864446036265;
1749192285;355.53;-25.41847;-13.159478;356.6803198030015;
1749192295;355.59183;-25.469507;-13.331446;356.75197399675574;
1749192304;355.6618;-25.50042;-13.41413;356.8270298844883;
1749192315;355.742;-25.497442;-13.444893;356.90791304809125;
1749192324;355.74796;-25.456383;-13.465823;356.91170271161235;
1749192335;355.79013;-25.39726;-13.524706;356.95175523011847;
1749192344;355.79883;-25.368584;-13.572666;356.96020562511666;
1749192355;355.87128;-25.398865;-13.587984;357.0351541972142;
1749192364;355.89273;-25.450352;-13.612734;357.06114700331665;
1749192375;356.02786;-25.54593;-13.690812;357.2056436157905;
1749192385;356.0064;-25.684963;-13.826995;357.19947669774393;
1749192395;356.05316;-25.863375;-14.033975;357.2670156845971;
1749192407;355.76938;-26.050459;-14.317647;357.0090646160081;
1749192416;355.7847;-26.255281;-14.626124;357.0518379666719;
1749192429;355.4509;-26.459242;-14.911027;356.74608692632927;
1749192440;355.50165;-26.610855;-15.173326;356.8189864788588;
1749192441;355.50165;-26.610855;-15.173326;356.8189864788588;
1749192446;355.3486;-26.699564;-15.406684;356.6831391853963;
1749192461;355.4247;-26.765182;-15.609954;356.7727180728268;
1749192462;355.4247;-26.765182;-15.609954;356.7727180728268;
1749192468;355.29178;-26.841085;-15.812363;356.65490687217743;
1749192476;355.28238;-26.950012;-16.037027;356.6637889374735;
1749192486;355.15454;-27.099264;-16.273422;356.5584698091674;
1749192497;355.0765;-27.291128;-16.52647;356.50702113684105;
1749192510;354.98428;-27.514568;-16.800566;356.4451598400387;
1749192519;354.86566;-27.755886;-17.090277;356.35951589377754;
1749192526;354.70392;-27.968967;-17.382097;356.2292382903386;
1749192535;354.5487;-28.09966;-17.600546;356.09571061954665;
1749192545;354.38528;-28.085287;-17.637623;355.9337001556955;
1749192557;354.2097;-27.914385;-17.36451;355.73197906320155;
1749192574;354.03543;-27.602278;-16.725842;355.50348219150857;
1749192575;353.87625;-27.176407;-15.74687;355.26739532912717;
1749192590;353.68976;-26.664328;-14.517244;354.9903968807713;
1749192596;353.53622;-26.083183;-13.170721;354.7416838799396;
1749192605;353.47983;-25.458109;-11.87355;354.59425436265235;
1749192615;353.40326;-24.838947;-10.775876;354.4389319405701;
1749192626;353.5943;-24.297365;-9.980189;354.56860357778413;
1749192635;353.5767;-23.88743;-9.513902;354.51036632903276;
1749192655;353.66757;-23.622082;-9.325307;354.5782221100505;
1749192656;353.6883;-23.478745;-9.347886;354.58996509550576;
1749192666;353.78683;-23.421402;-9.521098;354.68907200427833;
1749192676;353.86826;-23.419613;-9.766111;354.77682778219486;
1749192691;354.0247;-23.37975;-9.956155;354.9355123397744;
1749192692;354.0247;-23.37975;-9.956155;354.9355123397744;
1749192698;354.2496;-23.293854;-10.046144;355.15674010336187;
1749192708;354.7384;-23.275898;-10.112393;355.64499534910334;
1749192717;355.2485;-23.242062;-10.110015;356.1515209538188;
1749192730;355.61777;-23.216728;-10.107179;356.5181173144471;
1749192736;356.15366;-23.255194;-10.1880865;357.05745731965055;
1749192748;356.527;-23.321444;-10.36899;357.4393838903388;
1749192757;356.97574;-23.366446;-10.597327;357.89659402885655;
1749192767;357.26685;-23.418589;-10.898642;358.1993993865671;
1749192780;357.59503;-23.480106;-11.281567;358.54259978932055;
1749192782;357.59503;-23.480106;-11.281567;358.54259978932055;
1749192785;357.91977;-23.51907;-11.717979;358.88301565650266;
1749192796;358.20773;-23.514473;-12.125837;359.1834440241524;
1749192807;358.4542;-23.44967;-12.4622;359.43650629155184;
1749192816;358.65723;-23.332699;-12.736654;359.64099232722765;
1749192827;358.8107;-23.176716;-12.9682045;359.79223523387554;
1749192835;358.897;-22.968048;-13.132588;359.87088656657335;
1749192846;358.9337;-22.704903;-13.189363;359.89284840510544;
1749192856;358.95712;-22.411537;-13.15617;359.89662101132353;
1749192866;359.00156;-22.124985;-13.072487;359.9201610886195;
1749192875;359.0131;-21.869099;-12.995188;359.91322931798334;
1749192885;359.09586;-21.663813;-12.972167;359.9825433062352;
1749192895;359.0837;-21.517105;-13.01061;359.96301526522245;
1749192905;359.29007;-21.427013;-13.107972;360.1670306062704;
1749192916;359.59927;-21.339037;-13.33272;360.4785063596675;
1749192926;359.66144;-21.219315;-13.446863;360.5376920879028;
1749192935;359.93964;-21.03091;-13.558255;360.8083524667795;
1749192944;359.93964;-21.03091;-13.558255;360.8083524667795;
1749192956;0.14172775;-20.55804;-13.572926;24.634882368430198;
1749192964;0.14172775;-20.55804;-13.572926;24.634882368430198;
1749192976;0.4474913;-20.024015;-13.349473;24.070103274092318;
1749192985;0.3012276;-19.708538;-13.1914625;23.717754819550265;
1749192995;0.78156775;-19.367582;-13.009434;23.34436676200634;
1749193004;0.78156775;-19.367582;-13.009434;23.34436676200634;
1749193016;1.1471148;-18.6813;-12.618394;22.57278620334575;
1749193024;1.1471148;-18.6813;-12.618394;22.57278620334575;
1749193036;1.1918294;-18.214464;-12.256151;21.986368624318555;
1749193045;0.9591622;-18.058878;-12.216731;21.824105543695232;
1749193055;1.0830389;-17.939724;-12.341982;21.80209132860646;
1749193064;0.90427786;-17.85901;-12.579489;21.863337321266926;
1749193076;0.9730449;-17.79673;-12.859583;21.97815481066057;
1749193084;0.8058362;-17.717869;-13.082453;22.039120162936257;
1749193095;0.76551384;-17.575253;-13.14703;21.961782887814802;
1749193107;0.5776898;-17.333086;-13.009107;21.679632187038116;
1749193115;0.49469405;-16.98041;-12.660773;21.186651767643422;
1749193125;0.33504817;-16.553144;-12.136673;20.52846023185941;
1749193135;0.31923097;-16.114098;-11.512238;19.806505575273484;
1749193144;0.16562136;-15.705143;-10.87943;19.10604457864723;
1749193155;0.11344009;-15.364796;-10.2930765;18.494248815174526;
1749193165;359.92865;-15.123414;-9.779281;360.3789463925635;
1749193176;359.8599;-14.99218;-9.333831;360.2929766456788;
1749193184;359.70792;-14.962793;-8.954204;360.13032081039137;
1749193195;359.6609;-15.007568;-8.641654;360.0775751590371;
1749193204;359.60876;-15.080202;-8.385275;360.02248394005113;
1749193215;359.60965;-15.157112;-8.17917;360.02185626903895;
1749193227;359.60443;-15.233427;-8.009832;360.0160574457898;
1749193235;359.5756;-15.304777;-7.8416624;359.98657511693534;
1749193244;359.56802;-15.340986;-7.646828;359.97636518892665;
1749193255;359.5182;-15.322686;-7.4165773;359.92098879773454;
1749193264;359.54282;-15.256819;-7.164662;359.93768843053795;
1749193275;359.4657;-15.16949;-6.9181404;359.85213949916124;
1749193286;359.50125;-15.08784;-6.686188;359.87983780765626;
1749193295;359.40997;-15.034191;-6.480457;359.782645522887;
1749193305;359.41986;-15.02205;-6.310327;359.7889917395524;
1749193316;359.29752;-15.047731;-6.181071;359.66560131085566;
1749193324;359.29642;-15.093225;-6.093786;359.6649205724128;
1749193336;359.1567;-15.13461;-6.0295825;359.5260116068815;
1749193348;359.13477;-15.152353;-5.9554224;359.5036032456829;
1749193356;359.01004;-15.14102;-5.82844;359.3764463907075;
1749193366;358.9575;-15.094491;-5.63775;359.3189485741584;
1749193376;358.78503;-15.019466;-5.403408;359.13991972603833;
1749193388;358.75458;-14.936751;-5.1121073;359.10177827110624;
1749193398;358.4737;-14.855677;-4.7252913;358.8124979525655;
1749193406;358.4609;-14.744085;-4.4307256;358.79136167898645;
1749193415;358.25592;-14.609852;-4.265377;358.5790648113261;
1749193425;358.2634;-14.484938;-4.1803846;358.58046631163006;
1749193436;358.1312;-14.382075;-4.1233344;358.443578346642;
1749193445;358.15265;-14.302263;-4.062221;358.4611224481258;
1749193455;358.06677;-14.245153;-4.027976;358.37265873347854;
1749193467;358.10284;-14.210089;-4.040379;358.4074473781255;
1749193475;358.07083;-14.207484;-4.085131;358.3758657223963;
1749193485;358.10394;-14.250869;-4.143578;358.41134245497705;
1749193499;358.0993;-14.33264;-4.2111526;358.4107560249805;
1749193505;358.15994;-14.416382;-4.319915;358.47599394075894;
1749193520;358.1505;-14.469667;-4.4373603;358.4701538285996;
1749193521;358.1505;-14.469667;-4.4373603;358.4701538285996;
1749193526;358.1953;-14.494328;-4.500761;358.51670013798145;
1749193536;358.1361;-14.4963255;-4.484794;358.45742978776326;
1749193546;358.0897;-14.472937;-4.4141283;358.40923166118097;
1749193559;358.0449;-14.435542;-4.3256907;358.3618851154416;
1749193567;357.9854;-14.381045;-4.240734;358.29925191596203;
1749193576;357.97357;-14.329324;-4.168378;358.28450006219134;
1749193587;357.95135;-14.286751;-4.1064334;358.2598869197992;
1749193598;357.97083;-14.271441;-4.0685673;358.27829821526825;
1749193605;357.94965;-14.280614;-4.0553994;358.2573534018615;
1749193618;357.96417;-14.31214;-4.069081;358.2732804427517;
1749193624;357.93863;-14.35911;-4.10093;358.2500019583871;
1749193636;358.00012;-14.422339;-4.1516137;358.3145645570103;
1749193647;357.98108;-14.5047655;-4.2248254;358.29972141594783;
1749193656;358.07227;-14.583071;-4.3091106;358.3950080525488;
1749193667;358.0499;-14.638266;-4.367675;358.3756180337934;
1749193676;358.1206;-14.655149;-4.371451;358.4469989412304;
1749193686;358.10767;-14.635313;-4.315492;358.4325826697223;
1749193699;358.16736;-14.587539;-4.2192287;358.4891278674944;
1749193707;358.16867;-14.525489;-4.113464;358.4866901989233;
1749193717;358.2504;-14.463858;-4.0267954;358.5648686296123;
1749193726;358.26038;-14.415255;-3.9639807;358.5721819977613;
1749193736;358.30792;-14.39674;-3.9318595;358.61858968663853;
1749193746;358.30453;-14.407844;-3.937809;358.6157163805515;
1749193757;358.38864;-14.440867;-3.977036;358.7015106203434;
1749193768;358.3649;-14.486581;-4.0285788;358.68020725794116;
1749193776;358.44617;-14.535913;-4.086382;358.7640532841267;
1749193786;358.4227;-14.588052;-4.1419773;358.7433600381798;
1749193796;358.4871;-14.634594;-4.172878;358.80994789633655;
1749193806;358.45206;-14.666187;-4.1519384;358.7759924064523;
1749193817;358.47992;-14.676731;-4.0683994;358.8033039801841;
1749193827;358.42606;-14.665488;-3.9274514;358.74745849078784;
1749193836;358.45493;-14.638111;-3.741724;358.77319916266623;
1749193845;358.41226;-14.616473;-3.4771597;358.72702916556074;
1749193856;358.40005;-14.564583;-3.2277007;358.7103908443914;
1749193865;358.40045;-14.472874;-3.1226826;358.70614570902904;
1749193875;358.4246;-14.377658;-3.0942786;358.7261895736426;
1749193886;358.45117;-14.314178;-3.095908;358.7502236509823;
1749193896;358.4782;-14.29556;-3.0991209;358.7765250811738;
1749193906;358.50037;-14.31189;-3.1417577;358.79968422547205;
1749193918;358.5179;-14.352629;-3.234961;358.8196726106014;
1749193926;358.53705;-14.401896;-3.3818655;358.8421194183369;
1749193937;358.59717;-14.468605;-3.5402293;358.90639814678264;
1749193946;358.61905;-14.548751;-3.6638846;358.9327409978664;
1749193956;358.65308;-14.603761;-3.7597144;358.96996298687964;
1749193965;358.67093;-14.616322;-3.8193052;358.9889402552985;
1749193977;358.6696;-14.591612;-3.818364;358.98658344199515;
1749193985;358.65146;-14.542163;-3.7635074;358.9658860474961;
1749193997;358.6356;-14.481687;-3.6821957;358.9467424826631;
1749194007;358.6049;-14.414633;-3.5927339;358.9124624887468;
1749194018;358.59735;-14.349019;-3.5114334;358.9014972237138;
1749194027;358.57086;-14.284479;-3.445704;358.87181857041554;
1749194037;358.57837;-14.234068;-3.392226;358.87680713876864;
1749194045;358.55377;-14.197905;-3.3507242;358.8504078906356;
1749194056;358.58115;-14.180199;-3.3366933;358.8769287588097;
1749194070;358.57922;-14.183462;-3.3567762;358.87532398617134;
1749194077;358.6108;-14.203506;-3.401129;358.9080938626658;
1749194086;358.62225;-14.230895;-3.4620128;358.92119546314694;
1749194096;358.65295;-14.261927;-3.5236635;358.9537020873081;
1749194105;358.6641;-14.291119;-3.5598922;358.96635012755866;
1749194121;358.67923;-14.311398;-3.5661545;358.98234413676414;
1749194126;358.68695;-14.320483;-3.5650935;358.9904103479424;
1749194137;358.69858;-14.322044;-3.5712843;359.0021515259623;
1749194145;358.73776;-14.327645;-3.5915432;359.04172850924806;
1749194156;358.7697;-14.340411;-3.6194198;359.07444288264;
1749194166;358.7875;-14.360661;-3.6303225;359.0931388214418;
1749194176;358.79202;-14.382461;-3.621859;359.09843858292345;
1749194187;358.7771;-14.397006;-3.6032374;359.08392376514905;
1749194196;358.80466;-14.39782;-3.5850785;359.11130850243416;
1749194205;358.8011;-14.397566;-3.5669348;359.1075501107223;
1749194217;358.80847;-14.407598;-3.524323;359.11491067422105;
1749194226;358.79074;-14.420056;-3.4748151;359.0972126996115;
1749194237;358.79376;-14.435967;-3.4207447;359.10035150187684;
1749194246;358.75665;-14.462885;-3.3555017;359.06374139182265;
1749194257;358.7606;-14.498652;-3.2535226;359.0681787383783;
1749194265;358.7144;-14.522925;-3.0374324;359.02110254249845;
1749194276;358.6871;-14.47798;-2.9366796;358.99118935623994;
1749194285;358.71756;-14.383422;-2.9426186;359.0178680079911;
1749194296;358.73956;-14.291488;-2.978308;359.03647585147064;
1749194307;358.7819;-14.237763;-3.0036216;359.07684534789126;
1749194316;358.79276;-14.224622;-3.027612;359.0873813299687;
1749194326;358.8228;-14.251707;-3.077434;359.1189138398253;
1749194338;358.8244;-14.309694;-3.1578686;359.1235036193782;
1749194345;358.831;-14.378877;-3.2572706;359.13374098221163;
1749194356;358.8686;-14.459374;-3.3395178;359.175293855252;
1749194368;358.89233;-14.581363;-3.4366362;359.20486355294;
1749194376;358.91232;-14.595893;-3.4642253;359.22569026512906;
1749194389;358.91232;-14.595893;-3.4642253;359.22569026512906;
1749194397;358.87674;-14.557798;-3.418454;359.18815330780745;
1749194406;358.87674;-14.557798;-3.418454;359.18815330780745;
1749194417;358.86597;-14.430156;-3.3175998;359.1712933801915;
1749194426;358.90277;-14.344634;-3.2843018;359.2043348748927;
1749194439;358.88217;-14.257328;-3.2758276;359.18019929264324;
1749194445;358.88217;-14.257328;-3.2758276;359.18019929264324;
1749194457;358.92123;-14.138867;-3.2709146;359.2145024393948;
1749194464;358.92123;-14.138867;-3.2709146;359.2145024393948;
1749194477;358.9449;-14.116241;-3.282049;359.2373460095802;
1749194478;358.9449;-14.116241;-3.282049;359.2373460095802;
1749194489;358.99643;-14.125112;-3.3119674;359.28947139890494;
1749194499;358.98123;-14.150436;-3.3434966;359.27557462883516;
1749194512;358.99973;-14.188254;-3.3838954;359.29592275062925;
1749194513;358.99973;-14.188254;-3.3838954;359.29592275062925;
1749194516;358.99445;-14.217986;-3.4220746;359.292184494757;
1749194525;359.03906;-14.240483;-3.4293942;359.33772486329536;
1749194538;359.04437;-14.256637;-3.4016664;359.34340746424266;
1749194547;359.04947;-14.264056;-3.3680444;359.3484773967136;
1749194557;359.05014;-14.275227;-3.3265722;359.34920548717537;
1749194566;359.05054;-14.298662;-3.275768;359.350066919561;
1749194576;359.02942;-14.331382;-3.21424;359.3297142064612;
1749194588;359.02747;-14.367935;-3.114618;359.3283451390798;
1749194596;358.9916;-14.398257;-3.014208;359.2928744589397;
1749194607;358.99634;-14.42587;-2.9456344;359.2981395780776;
1749194616;358.98102;-14.464309;-2.8297033;359.28344629306764;
1749194625;358.96335;-14.469806;-2.786611;359.2656760187653;
1749194635;358.99573;-14.429226;-2.8560283;359.2969410525976;
1749194645;359.0119;-14.371521;-2.9674025;359.3116916647311;
1749194655;359.0368;-14.320802;-3.0572557;359.33530155637243;
1749194665;359.04913;-14.280492;-3.108001;359.3464515493301;
1749194675;359.05594;-14.255684;-3.1370568;359.35251881623236;
1749194684;359.06583;-14.239813;-3.1686447;359.36204624148894;
1749194695;359.07028;-14.237931;-3.198;359.3666836157274;
1749194705;359.0739;-14.252658;-3.2023244;359.3709344784932;
1749194715;359.08823;-14.265204;-3.1940064;359.3856591671994;
1749194726;359.0689;-14.270345;-3.1802406;359.36643952676195;
1749194736;359.0672;-14.270312;-3.1521602;359.3644832653553;
1749194745;359.0512;-14.265713;-3.1039288;359.3479028134885;
1749194755;359.01987;-14.252052;-3.0440009;359.31553236153434;
1749194765;359.02347;-14.222042;-2.9851573;359.31744771471364;
1749194776;358.98245;-14.181875;-2.9415205;359.2745179571878;
1749194787;358.97003;-14.12744;-2.9299705;359.25986832246;
1749194796;358.9344;-14.064168;-2.9395447;359.2218479762433;
1749194805;358.93365;-14.003855;-2.9440687;359.2187968713059;
1749194816;358.91968;-13.946955;-2.954232;359.20270057125975;
1749194826;358.9443;-13.893743;-2.9910483;359.2255514936256;
1749194836;358.94543;-13.843455;-3.0561721;359.2252864735753;
1749194847;358.97443;-13.804429;-3.1328044;359.2534139579231;
1749194856;358.98322;-13.7837;-3.207114;359.2620559641774;
1749194865;359.0055;-13.778225;-3.2674932;359.28465054429233;
1749194877;359.0173;-13.780036;-3.294564;359.2967683294461;
1749194885;359.01254;-13.777623;-3.2927291;359.2919019393147;
1749194896;359.0029;-13.7684965;-3.267918;359.2816894825294;
1749194908;358.99997;-13.763234;-3.2265675;359.2781867024584;
1749194917;358.97592;-13.795014;-3.2178516;359.25529822352996;
1749194928;358.92386;-13.831906;-3.2397947;359.2048916776965;
1749194936;358.80908;-13.84743;-3.2757187;359.0911291092969;
1749194945;358.70193;-13.841132;-3.3131647;358.98416683694523;
1749194957;358.6187;-13.839974;-3.3368397;358.9011855316879;
1749194967;358.5949;-13.864715;-3.3886569;358.8788410405668;
1749194976;358.5994;-13.910826;-3.5117054;358.886290879082;
1749194985;358.63177;-13.961542;-3.7068193;358.92257540802854;
1749194997;358.60608;-14.003463;-3.9795713;358.90145433923396;
1749195009;358.6146;-14.053691;-4.3486714;358.9162072780179;
1749195016;358.58926;-14.10658;-4.7436414;358.8979770386628;
1749195027;358.56046;-14.169803;-5.0796714;358.87628298600885;
1749195036;358.45804;-14.232935;-5.3699446;358.7806822914252;
1749195046;358.47412;-14.284277;-5.647409;358.8030508374456;
1749195059;358.44812;-14.320175;-5.9366784;358.7831746096932;
1749195066;358.52197;-14.316008;-6.2126584;358.8614636260041;
1749195077;358.5578;-14.264917;-6.4058347;358.89861902282524;
1749195088;358.62103;-14.16851;-6.496609;358.95960458623307;
1749195097;358.66815;-14.031738;-6.4806557;359.0010191246347;
1749195106;358.71945;-13.871663;-6.3582773;359.04386347908746;
1749195117;358.76236;-13.701637;-6.142774;359.0764531642603;
1749195125;358.8045;-13.5417795;-5.864495;359.10784517410457;
1749195136;358.8328;-13.407987;-5.5843234;359.1266252444659;
1749195147;358.86954;-13.301513;-5.351563;359.1558356858675;
1749195157;358.88876;-13.213268;-5.1661983;359.1690751967994;
1749195168;358.87314;-13.132223;-4.996476;359.14808859778185;
1749195177;358.89606;-13.058385;-4.826452;359.16597260252667;
1749195186;358.89023;-12.987306;-4.661368;359.1553903357311;
1749195197;358.90402;-12.911224;-4.50712;359.164462342661;
1749195207;358.91327;-12.829768;-4.355404;359.1689117808196;
1749195216;358.91232;-12.740145;-4.197773;359.1628992331686;
1749195227;358.86243;-12.644949;-4.032952;359.1077843394218;
1749195238;358.85977;-12.547684;-3.8514135;359.09972642364005;
1749195249;358.79468;-12.4559355;-3.6415253;359.02929101318864;
1749195258;358.80795;-12.362789;-3.4019735;359.0369883867394;
1749195271;358.70218;-12.262108;-3.1287615;358.92534268944496;
1749195279;358.719;-12.165513;-2.820718;358.9363076021602;
1749195291;358.34937;-12.080876;-2.4784043;358.56151163373045;
1749195300;358.3413;-12.021898;-2.11088;358.54912536029303;
1749195309;357.77557;-11.979641;-1.7068454;357.98014788105496;
1749195318;357.6966;-11.948118;-1.2742879;357.89835829209045;
1749195332;357.0952;-11.919033;-0.8362915;357.2950534175128;
1749195339;357.00073;-11.907005;-0.42781356;357.1994999291725;
1749195349;356.5029;-11.933774;-0.07311101;356.70258959465116;
1749195358;356.47736;-12.004767;0.26178804;356.67953163007843;
1749195369;356.10953;-12.115855;0.61898774;356.3161134895959;
1749195379;356.09787;-12.250745;0.9962722;356.30993002590657;
1749195394;355.86014;-12.402313;1.3933182;356.07891889768206;
1749195400;355.84595;-12.527712;1.8272182;356.07108907672296;
1749195409;355.7154;-12.60733;2.2928932;355.94612373410905;
1749195420;355.701;-12.625004;2.776957;355.9358026713777;
1749195428;355.6075;-12.576968;3.2850766;355.84501607240867;
1749195437;355.57776;-12.471129;3.821353;355.8169112799918;
1749195448;355.51926;-12.348037;4.375756;355.7605417387744;
1749195457;355.48608;-12.234961;4.894214;355.73023978645955;
1749195467;355.48117;-12.126884;5.3278894;355.7278600593118;
1749195477;355.44275;-12.012119;5.6966863;355.69128619870224;
1749195490;355.4632;-11.902526;6.0210295;355.7133768747731;
1749195500;355.42834;-11.8079195;6.336673;355.68088031266666;
1749195511;355.34427;-11.738428;6.689799;355.6010313134883;
1749195517;355.30576;-11.670753;7.076172;355.567797538282;
1749195528;355.19595;-11.604566;7.49547;355.4645035784541;
1749195537;355.13733;-11.548816;7.9331617;355.4136079572858;
1749195547;355.09653;-11.50183;8.325772;355.3802950896765;
1749195559;355.07794;-11.468812;8.63927;355.36814073811684;
1749195568;355.09036;-11.451424;8.895715;355.38631715310044;
1749195578;355.10117;-11.440763;9.108301;355.40215271041177;
1749195586;355.11652;-11.440991;9.276606;355.4218503584975;
1749195598;355.14255;-11.444091;9.417936;355.4516758448896;
1749195610;355.14984;-11.4512825;9.537613;355.4623857914635;
1749195625;355.17438;-11.457995;9.631192;355.4896396706228;
1749195631;355.17462;-11.455836;9.6879635;355.49135662865604;
1749195638;355.17578;-11.429016;9.724523;355.49265018489666;
1749195648;355.20972;-11.381312;9.786798;355.5267339933137;
1749195659;355.20743;-11.331497;9.927212;355.5267489980051;
1749195668;355.32257;-11.304076;10.141317;355.64695665370544;
1749195679;355.35565;-11.303381;10.389779;355.6871564119924;
1749195689;355.49777;-11.335928;10.590786;355.83610561826447;
1749195696;355.4636;-11.497728;10.562014;355.80629491737665;
1749195705;355.92953;-11.752141;10.348934;356.2738372085948;
1749195716;355.85254;-12.028423;10.131019;356.1998737551605;
1749195725;356.21753;-12.280047;9.978933;356.56879680282947;
1749195736;356.19043;-12.445885;9.889671;356.54498712781793;
1749195746;356.52902;-12.479082;9.840671;356.8830480293047;
1749195757;356.90906;-12.119554;9.870044;357.251139608462;
1749195765;356.90906;-12.119554;9.870044;357.251139608462;
1749195776;357.7489;-11.450001;9.892491;358.0687648089757;
1749195784;357.7489;-11.450001;9.892491;358.0687648089757;
1749195796;358.77496;-10.866381;9.591057;359.0675994125128;
1749195806;358.78757;-10.708949;9.330577;359.06860011577663;
1749195816;359.46793;-10.672781;9.053979;359.74028496868755;
1749195826;359.46793;-10.672781;9.053979;359.74028496868755;
1749195837;0.15253958;-10.957284;8.37707;13.793500257073482;
1749195847;0.07886371;-11.239009;7.9552445;13.769802334369102;
1749195856;0.7543325;-11.575521;7.4708014;13.797629783385942;
1749195867;0.69764036;-11.9270935;6.933094;13.813401258319049;
1749195876;1.2242079;-12.257951;6.3643475;13.865819877904297;
1749195886;1.1969193;-12.545103;5.778309;13.863660424193272;
1749195897;1.5527022;-12.793843;5.189378;13.893270006713;
1749195905;1.5732921;-13.006963;4.6008916;13.886127330212163;
1749195917;1.779273;-13.186117;4.024074;13.900815472072255;
1749195927;1.7939949;-13.326345;3.4527156;13.882764344962563;
1749195936;1.8868324;-13.423855;2.8822923;13.858846399137509;
1749195945;1.8977785;-13.483411;2.331667;13.814506932154726;
1749195956;1.8618197;-13.503438;1.8209625;13.752276723187045;
1749195965;1.8730153;-13.496247;1.361468;13.693446323350381;
1749195977;1.8028597;-13.468437;0.9589256;13.622358156884962;
1749195987;1.7959114;-13.420383;0.61541843;13.553993129468026;
1749195996;1.71529;-13.353204;0.32913327;13.466944692144114;
1749196005;1.660653;-13.261465;0.11044041;13.3654936806356;
1749196016;1.5457032;-13.147016;-0.030024959;13.237602435333041;
1749196025;1.4543512;-13.005705;-0.085090555;13.087044631865252;
1749196043;1.3087776;-12.851191;-0.06428624;12.917822201903462;
1749196044;1.3087776;-12.851191;-0.06428624;12.917822201903462;
1749196048;1.1795609;-12.700019;0.034207504;12.754725151557471;
1749196060;1.0202608;-12.567835;0.20490453;12.610844179027547;
1749196067;0.8683654;-12.467906;0.43549818;12.505694587818862;
1749196079;0.7377109;-12.409204;0.68537873;12.449991710794459;
