1749218096;1.7882136;-22.097755;-8.419188;23.71478909850242;
1749218105;1.6718954;-21.889868;-8.184935;23.429782337587348;
1749218123;0.86224467;-21.646479;-7.8694572;23.04868458860673;
1749218124;0.86224467;-21.646479;-7.8694572;23.04868458860673;
1749218132;0.761168;-21.383368;-7.497254;22.67237526102256;
1749218137;359.85886;-21.117893;-7.1084843;360.54804443931687;
1749218146;359.77322;-20.865349;-6.7275505;360.44055728489394;
1749218157;359.02338;-20.651785;-6.3624315;359.673131610589;
1749218166;358.95633;-20.489065;-6.028522;359.59114456083864;
1749218178;358.40753;-20.307583;-5.572157;359.0256337098166;
1749218186;358.40753;-20.307583;-5.572157;359.0256337098166;
1749218197;358.11243;-20.283009;-5.498979;358.7285176931036;
1749218207;358.1199;-20.305607;-5.5207944;358.737595142956;
1749218219;357.99533;-20.367731;-5.6295276;358.6184503518093;
1749218225;358.0604;-20.456593;-5.807881;358.69130128356437;
1749218240;358.12082;-20.644495;-6.325607;358.77113811299216;
1749218241;358.12082;-20.644495;-6.325607;358.77113811299216;
1749218246;358.12082;-20.644495;-6.325607;358.77113811299216;
1749218256;358.13568;-20.715254;-6.6191945;358.79534778425176;
1749218266;358.22687;-20.763466;-6.910626;358.8946460885361;
1749218276;358.26825;-20.788853;-7.183592;358.9427795571156;
1749218287;358.33954;-20.798733;-7.4278717;359.01947783923555;
1749218297;358.44287;-20.810831;-7.8216853;359.13167681075777;
1749218310;358.48767;-20.82076;-7.9787197;359.1804201674501;
1749218322;358.502;-20.82405;-8.109745;359.1978608194845;
1749218325;358.502;-20.82405;-8.109745;359.1978608194845;
1749218338;358.50912;-20.793636;-8.322738;359.2080675700706;
1749218348;358.50912;-20.793636;-8.322738;359.2080675700706;
1749218359;358.50275;-20.712488;-8.4603815;359.20022902066074;
1749218368;358.57498;-20.664417;-8.499625;359.2704820371586;
1749218376;358.52585;-20.616848;-8.523789;359.21928312630246;
1749218386;358.52585;-20.616848;-8.523789;359.21928312630246;
1749218398;358.5824;-20.500778;-8.530136;359.26923177137655;
1749218406;358.70712;-20.432362;-8.523211;359.38965826487697;
1749218417;358.64435;-20.364462;-8.515066;359.32295517532526;
1749218427;358.8385;-20.300577;-8.51177;359.5130504572086;
1749218436;358.7951;-20.244993;-8.522408;359.466853184197;
1749218446;358.968;-20.207737;-8.550218;359.63797712311106;
1749218456;358.93835;-20.18622;-8.591694;359.60817984852565;
1749218465;359.10034;-20.17681;-8.636828;359.7704183473148;
1749218476;359.06635;-20.175316;-8.678775;359.73741085475956;
1749218487;359.21112;-20.17771;-8.718276;359.883005249398;
1749218496;359.1851;-20.175615;-8.749686;359.85766728304594;
1749218505;359.33118;-20.166029;-8.775924;360.0035835267882;
1749218516;359.31018;-20.151949;-8.804093;359.9825260125538;
1749218525;359.43442;-20.139542;-8.842071;360.1067674927351;
1749218538;359.42386;-20.134644;-8.893166;360.0972124673789;
1749218546;359.5384;-20.140778;-8.958946;360.2135038052965;
1749218556;359.53796;-20.153057;-9.027348;360.2154718723611;
1749218565;359.64554;-20.153622;-9.100387;360.3247129242168;
1749218576;359.64502;-20.14153;-9.171542;360.3253230806543;
1749218588;359.74637;-20.126871;-9.240398;360.4274205526669;
1749218596;359.74652;-20.110458;-9.310061;360.42844941693755;
1749218606;359.83694;-20.091145;-9.385278;360.5195753533186;
1749218622;359.84506;-20.063826;-9.469015;360.52834586935586;
1749218632;359.92554;-20.03017;-9.564384;360.60931413575804;
1749218636;359.93362;-19.996706;-9.66377;360.6181783754675;
1749218645;0.0014112784;-19.963617;-9.769373;22.22581081369064;
1749218656;0.01599995;-19.933039;-9.888548;22.251059925146155;
1749218666;0.07304393;-19.913761;-10.024584;22.294741505739758;
1749218676;0.101286784;-19.905956;-10.177803;22.357214242395152;
1749218685;0.15276828;-19.907934;-10.341808;22.43439727571821;
1749218696;0.1957666;-19.909449;-10.518748;22.5181823091513;
1749218705;0.2291771;-19.902325;-10.708801;22.60162547924297;
1749218716;0.28742206;-19.881863;-10.899988;22.675555466074055;
1749218728;0.2799412;-19.830486;-11.091566;22.723322646825697;
1749218739;0.36313444;-19.740692;-11.281364;22.739744422197774;
1749218747;0.37791052;-19.606394;-11.479804;22.723102682766463;
1749218758;0.50154245;-19.430456;-11.69225;22.682656092752847;
1749218767;0.45176223;-19.22017;-11.931691;22.627068795151896;
1749218780;0.60783035;-18.992188;-12.203661;22.583223523493192;
1749218788;0.4413986;-18.767042;-12.499474;22.552905438635253;
1749218804;0.6078212;-18.548254;-12.804034;22.546628710700833;
1749218810;0.37750828;-18.318708;-13.113307;22.53167572837319;
1749218818;0.5412639;-18.070171;-13.415634;22.512292180420324;
1749218829;0.305463;-17.802004;-13.713683;22.473757007435513;
1749218856;0.48539641;-17.525227;-14.004478;22.438685202154154;
1749218862;0.40315363;-17.248394;-14.28619;22.400108359435162;
1749218871;0.6291206;-16.967684;-14.56576;22.370950816228646;
1749218875;0.7408348;-16.677692;-14.86298;22.351788106821417;
1749218885;1.0343776;-16.377064;-15.195186;22.36452148741186;
1749218888;1.2122463;-16.066433;-15.569968;22.405885820502185;
1749218896;1.4998596;-15.715883;-15.865488;22.381963192688676;
1749218906;1.6118451;-15.232755;-15.742246;21.96481640214851;
1749218916;1.7404797;-14.581449;-15.297869;21.205487478799135;
1749218926;1.7711443;-13.866391;-14.806281;20.362704048056397;
1749218936;1.8767228;-13.234653;-14.389602;19.64023366364508;
1749218946;1.8638651;-12.775242;-14.0827055;19.105061940689275;
1749218957;1.9418446;-12.503864;-13.896557;18.794458622879596;
1749218966;1.9207495;-12.39736;-13.823403;18.667358956933885;
1749218976;1.968875;-12.434511;-13.827265;18.699914139444562;
1749218986;1.9937019;-12.573665;-13.866078;18.823921484883762;
1749218997;2.0567007;-12.756182;-13.8989315;18.977104276585816;
1749219008;2.0928307;-12.921088;-13.884413;19.081702721740964;
1749219016;2.143702;-13.012635;-13.801204;19.08919480711093;
1749219027;2.1468153;-13.000698;-13.6622505;18.981150017519997;
1749219037;2.1765609;-12.891576;-13.516905;18.805234920556117;
1749219048;2.163173;-12.713658;-13.38868;18.589598970073837;
1749219056;2.1798513;-12.501487;-13.266429;18.358569125799242;
1749219070;2.1973522;-12.2891865;-13.14816;18.13081828616424;
1749219080;2.2271965;-12.103953;-13.038471;17.929523775933024;
1749219088;2.240476;-11.96665;-12.943793;17.769699760532497;
1749219097;2.2950616;-11.889093;-12.868164;17.669394327048444;
1749219113;2.3303745;-11.877095;-12.817589;17.629141185577936;
1749219116;2.3907292;-11.916376;-12.790335;17.643930047465197;
1749219126;2.436308;-11.978809;-12.776831;17.6826149614306;
1749219136;2.4727786;-12.038903;-12.764067;17.71923315383205;
1749219146;2.4640086;-12.082025;-12.753375;17.739651386032754;
1749219158;2.4767678;-12.0976095;-12.7371025;17.74035836838353;
1749219166;2.4520051;-12.089186;-12.715797;17.71587549704437;
1749219177;2.463627;-12.065212;-12.693831;17.68536575371666;
1749219186;2.4474998;-12.036281;-12.67067;17.646760991122637;
1749219196;2.460085;-12.0100565;-12.643267;17.610953043668584;
1749219208;2.4582117;-11.993973;-12.606206;17.573121970277516;
1749219216;2.4644494;-11.984462;-12.567125;17.539483286387544;
1749219227;2.4880178;-11.979611;-12.53411;17.515856730611738;
1749219237;2.4885576;-11.976076;-12.503553;17.491659886413693;
1749219248;2.5395925;-11.971393;-12.475938;17.47606353552313;
1749219257;2.5433974;-11.963702;-12.454038;17.45571811866211;
1749219266;2.6136243;-11.954;-12.436413;17.44687717279522;
1749219276;2.6215768;-11.944796;-12.419076;17.42940775874995;
1749219286;2.7030282;-11.938954;-12.407653;17.42971146864637;
1749219296;2.7152545;-11.943099;-12.399733;17.42881492784537;
1749219306;2.8084311;-11.956549;-12.38785;17.44434478478647;
1749219316;2.814579;-11.971499;-12.373532;17.44542792194165;
1749219326;2.922622;-11.983006;-12.359406;17.461072958295222;
1749219336;2.9218795;-11.983668;-12.343817;17.450372451682288;
1749219346;3.0433483;-11.976738;-12.324866;17.452981140314932;
1749219356;3.0426264;-11.965612;-12.308466;17.433639605845777;
1749219365;3.1706789;-11.955231;-12.292623;17.438156879360633;
1749219377;3.1755455;-11.949535;-12.277966;17.42480767258857;
1749219386;3.3042755;-11.945619;-12.263615;17.43594808145708;
1749219396;3.3115122;-11.942242;-12.248365;17.424284902444118;
1749219406;3.4372442;-11.939473;-12.230856;17.43443442589823;
1749219416;3.4439495;-11.935455;-12.211118;17.419164107623676;
1749219427;3.5684497;-11.927311;-12.18801;17.422461734228502;
1749219437;3.5718355;-11.9155445;-12.163753;17.398134560170696;
1749219448;3.6944764;-11.904334;-12.140176;17.39960327578679;
1749219463;3.7010965;-11.89481;-12.115888;17.377552970849983;
1749219469;3.817353;-11.891459;-12.090343;17.382617684469416;
1749219479;3.8227887;-11.891661;-12.067757;17.368248563619833;
1749219504;3.9370275;-11.893634;-12.050138;17.382880900069534;
1749219515;3.935699;-11.894617;-12.038674;17.37530783094233;
1749219523;4.053187;-11.89735;-12.025977;17.395384286271934;
1749219531;4.048783;-11.89792;-12.012085;17.385146521953065;
1749219539;4.1572084;-11.896395;-11.999837;17.40122627132784;
1749219545;4.1556873;-11.892934;-11.982925;17.386837382310915;
1749219549;4.2517147;-11.88676;-11.959492;17.389697464956978;
1749219565;4.255604;-11.875602;-11.9338665;17.365403843387558;
1749219571;4.338495;-11.84812;-11.893207;17.339228395516997;
1749219579;4.409196;-11.844094;-11.883817;17.347872420711106;
1749219589;4.409196;-11.844094;-11.883817;17.347872420711106;
1749219598;4.4839935;-11.858332;-11.870008;17.36730633301516;
1749219606;4.4839935;-11.858332;-11.870008;17.36730633301516;
1749219621;4.557374;-11.880928;-11.861495;17.39601025879305;
1749219630;4.557374;-11.880928;-11.861495;17.39601025879305;
1749219638;4.630797;-11.9027815;-11.85077;17.423008828685457;
1749219646;4.630797;-11.9027815;-11.85077;17.423008828685457;
1749219657;4.7017946;-11.909966;-11.836021;17.436902738483358;
1749219668;4.6989;-11.907293;-11.823043;17.425488234212814;
1749219679;4.766896;-11.89637;-11.805267;17.424444029213696;
1749219688;4.75926;-11.882071;-11.786508;17.399882739455812;
1749219703;4.826471;-11.867611;-11.766693;17.395116469036022;
1749219705;4.82142;-11.857617;-11.750886;17.376205094586705;
1749219716;4.8859468;-11.854474;-11.741472;17.385718320920084;
1749219732;4.885081;-11.854602;-11.736398;17.38213542146758;
1749219733;4.885081;-11.854602;-11.736398;17.38213542146758;
1749219736;4.952228;-11.857777;-11.735146;17.402444404748515;
1749219750;4.952929;-11.861056;-11.7321615;17.402866920837585;
1749219756;5.020462;-11.8621855;-11.725398;17.418422521198398;
1749219768;5.0202703;-11.860862;-11.71371;17.409599492703805;
1749219778;5.092873;-11.857643;-11.701815;17.420491469883245;
1749219795;5.09298;-11.852412;-11.692144;17.410466978077917;
1749219803;5.171146;-11.849097;-11.684782;17.426301581681376;
1749219810;5.1727147;-11.849109;-11.679846;17.423465571080296;
1749219820;5.2568517;-11.851689;-11.676486;17.448133291555497;
1749219827;5.2553306;-11.853083;-11.673964;17.446933618357946;
1749219838;5.34614;-11.852605;-11.670706;17.47200125299114;
1749219847;5.3422823;-11.852648;-11.667042;17.46840300124568;
1749219858;5.4350147;-11.852923;-11.660439;17.492770075473516;
1749219866;5.432201;-11.852836;-11.654682;17.48799977180703;
1749219881;5.5226545;-11.853926;-11.651009;17.514601601230734;
1749219886;5.5235696;-11.857915;-11.65054;17.517278835428925;
1749219898;5.608492;-11.864025;-11.651346;17.548907138198466;
1749219906;5.6121035;-11.869629;-11.653006;17.5549518699369;
1749219917;5.6910787;-11.872643;-11.656245;17.58454128576403;
1749219969;5.6954026;-11.87808;-11.660411;17.592372954596602;
1749219970;5.7699957;-11.885714;-11.66289;17.623451727121704;
1749219972;5.774118;-11.892799;-11.666912;17.63224184695168;
1749219973;5.84971;-11.897462;-11.671652;17.66341312064351;
1749219976;5.849928;-11.905479;-11.67624;17.671917743183275;
1749219979;5.9273357;-11.9133835;-11.676523;17.703197712277273;
1749219986;5.924432;-11.91749;-11.673804;17.703196508963217;
1749219999;6.002359;-11.915205;-11.667478;17.72372580717734;
1749220000;6.002359;-11.915205;-11.667478;17.72372580717734;
1749220006;6.000143;-11.908714;-11.659052;17.71306534381571;
1749220017;6.067644;-11.90021;-11.648623;17.723479932664866;
1749220026;6.068614;-11.89023;-11.63845;17.710425188434034;
1749220036;6.125798;-11.880201;-11.630489;17.718150870685445;
1749220049;6.1271706;-11.871281;-11.627506;17.71068676225013;
1749220056;6.1796207;-11.871022;-11.629406;17.729973618619837;
1749220066;6.179761;-11.88291;-11.632992;17.74033505624397;
1749220076;6.2271743;-11.898785;-11.642602;17.77382783607547;
1749220086;6.2288113;-11.91518;-11.656166;17.79426359022104;
1749220098;6.269739;-11.9312935;-11.666617;17.826254646273515;
1749220108;6.273669;-11.94401;-11.674512;17.84131491107951;
1749220121;6.3044434;-11.950589;-11.678812;17.859373958288703;
1749220122;6.3044434;-11.950589;-11.678812;17.859373958288703;
1749220125;6.3072467;-11.95158;-11.67919;17.861273695021318;
1749220137;6.330841;-11.946914;-11.67313;17.86253791655033;
1749220147;6.332112;-11.93752;-11.665329;17.851608468025066;
1749220156;6.3564234;-11.927102;-11.659295;17.849342963013633;
1749220167;6.356725;-11.922563;-11.656468;17.84457087638041;
1749220176;6.383424;-11.92538;-11.653115;17.85379167818146;
1749220186;6.379306;-11.933307;-11.652959;17.85751388274823;
1749220197;6.4126983;-11.938907;-11.655517;17.87487788312116;
1749220206;6.406281;-11.942023;-11.656644;17.87539376875719;
1749220219;6.442576;-11.942622;-11.656171;17.888525038418003;
1749220227;6.4432836;-11.943747;-11.655277;17.88894834483781;
1749220237;6.473074;-11.945444;-11.654748;17.900488023457335;
1749220246;6.47824;-11.949079;-11.653131;17.903729312002895;
1749220260;6.5047603;-11.950852;-11.652351;17.914018860217258;
1749220269;6.5090017;-11.949107;-11.65131;17.913717918295006;
1749220283;6.5373764;-11.947581;-11.650274;17.922356978868354;
1749220289;6.5401974;-11.94924;-11.651284;17.92514813718841;
1749220298;6.5710807;-11.951952;-11.651405;17.938324999254053;
1749220306;6.5672565;-11.9552765;-11.652725;17.939997164707037;
1749220320;6.6096573;-11.958955;-11.655582;17.95986557212317;
1749220325;6.607506;-11.9644375;-11.654335;17.96191587792777;
1749220338;6.644644;-11.970309;-11.653647;17.979073752159884;
1749220348;6.6438346;-11.972086;-11.652057;17.978926701350904;
1749220356;6.677497;-11.971817;-11.648339;17.98880694899884;
1749220367;6.677394;-11.967909;-11.645503;17.984331321657514;
1749220395;6.7095256;-11.962027;-11.643423;17.991028733605148;
1749220404;6.710458;-11.958147;-11.640473;17.98688813924819;
1749220411;6.7387753;-11.954615;-11.64069;17.99526502357375;
1749220416;6.742928;-11.955311;-11.644209;17.999559337015167;
1749220418;6.762861;-11.95859;-11.649789;18.012821277639283;
1749220426;6.7680535;-11.966153;-11.657858;18.025010967834042;
1749220438;6.7835402;-11.977897;-11.667263;18.044707092881033;
1749220446;6.785951;-11.989448;-11.67276;18.056835622237777;
1749220466;6.801013;-11.996442;-11.675987;18.06922999716573;
1749220468;6.7987213;-11.996283;-11.676411;18.06853545338681;
1749220479;6.810685;-11.99476;-11.674735;18.07094707394921;
1749220486;6.8110504;-11.995061;-11.672472;18.069822822637462;
1749220497;6.818552;-11.994311;-11.6685;18.06958900918594;
1749220507;6.819011;-11.99176;-11.665354;18.0660373791481;
1749220517;6.82511;-11.991094;-11.664469;18.067326423687838;
1749220537;6.8258677;-11.992223;-11.666148;18.069446312880597;
1749220542;6.8258677;-11.992223;-11.666148;18.069446312880597;
1749220546;6.830734;-11.996556;-11.667582;18.07508633356917;
1749220551;6.833639;-11.997775;-11.667639;18.07703032720084;
1749220563;6.829992;-11.996781;-11.666938;18.074539807440765;
1749220570;6.8323565;-11.992055;-11.666276;18.071869620032377;
1749220580;6.826074;-11.9894085;-11.666316;18.067765044935673;
1749220588;6.8272085;-11.993873;-11.667452;18.07188949715754;
1749220597;6.8216805;-12.003521;-11.670904;18.078435909706695;
1749220607;6.821258;-12.015082;-11.67482;18.088482150550316;
1749220617;6.817213;-12.026538;-11.67856;18.096982546953537;
1749220626;6.81462;-12.036083;-11.6781435;18.102082226629364;
1749220638;6.808281;-12.04041;-11.675658;18.10097120071801;
1749220646;6.80777;-12.037965;-11.672058;18.096830295951484;
1749220658;6.795842;-12.030581;-11.663816;18.082117565310355;
1749220666;6.797177;-12.023384;-11.656841;18.073331918210716;
1749220676;6.7859564;-12.019346;-11.649966;18.061993283947686;
1749220685;6.784462;-12.017759;-11.645046;18.057202586088238;
1749220697;6.7748566;-12.017168;-11.642536;18.05158324485373;
1749220706;6.774157;-12.020219;-11.6408205;18.052245480046736;
1749220717;6.7684937;-12.026532;-11.643894;18.056307885919242;
1749220725;6.77298;-12.036494;-11.649634;18.068326864194653;
1749220738;6.767229;-12.045002;-11.657483;18.07690168301589;
1749220745;6.7695084;-12.051777;-11.663906;18.086411336125913;
1749220756;6.760927;-12.055884;-11.6655655;18.08700922094571;
1749220767;6.763318;-12.061391;-11.664485;18.09087700702192;
1749220777;6.7487736;-12.067803;-11.661461;18.087771919872434;
1749220786;6.7478156;-12.072036;-11.657362;18.08759663491525;
1749220797;6.7309713;-12.072961;-11.647655;18.075680209388278;
1749220805;6.7309713;-12.072961;-11.647655;18.075680209388278;
1749220817;6.714551;-12.072058;-11.641349;18.064904517702846;
1749220827;6.697182;-12.07274;-11.63772;18.05657276234056;
1749220836;6.694846;-12.071358;-11.632366;18.05133195488954;
1749220845;6.694846;-12.071358;-11.632366;18.05133195488954;
1749220857;6.674479;-12.064922;-11.621293;18.03234520218861;
1749220865;6.674479;-12.064922;-11.621293;18.03234520218861;
1749220879;6.646785;-12.06301;-11.614582;18.016505762181485;
1749220886;6.61272;-12.065261;-11.613843;18.00499749062044;
1749220897;6.613724;-12.0674305;-11.612599;18.006018193617255;
1749220906;6.575689;-12.069849;-11.613626;17.99436680748954;
1749220916;6.576766;-12.072792;-11.61558;17.9979956863824;
1749220928;6.5327697;-12.076575;-11.617081;17.985475081016226;
1749220936;6.5344467;-12.081097;-11.621059;17.991690085290674;
1749220946;6.490918;-12.086078;-11.62582;17.982352095192514;
1749220957;6.489829;-12.092218;-11.630646;17.989206421908932;
1749220966;6.449024;-12.099399;-11.6328535;17.980785318556773;
1749220977;6.446719;-12.101444;-11.633309;17.981630282535708;
1749220986;6.405215;-12.100301;-11.631146;17.964621424944653;
1749220997;6.406329;-12.09641;-11.627759;17.960204957827848;
1749221007;6.35632;-12.094311;-11.623891;17.938505919186937;
1749221016;6.3591638;-12.093629;-11.625086;17.939828423938163;
1749221026;6.3079333;-12.096934;-11.629799;17.927020528016563;
1749221036;6.310785;-12.102403;-11.636289;17.93592398466779;
1749221046;6.263219;-12.1096115;-11.639227;17.926020328862208;
1749221056;6.2640915;-12.117203;-11.6415825;17.932983236553074;
1749221066;6.221318;-12.11865;-11.641423;17.91896252254237;
1749221077;6.217695;-12.116786;-11.63637;17.913160999993007;
1749221086;6.1798673;-12.112402;-11.631389;17.8938604834131;
1749221097;6.178358;-12.111676;-11.627699;17.890449714139937;
1749221107;6.139928;-12.112162;-11.621352;17.87341602880088;
1749221117;6.138576;-12.110476;-11.617845;17.869528427359636;
1749221127;6.0987644;-12.108292;-11.617202;17.85399202771452;
1749221137;6.0994377;-12.110345;-11.616245;17.85499223933462;
1749221146;6.057757;-12.11374;-11.616922;17.843542255240177;
1749221156;6.0593405;-12.116856;-11.619162;17.847652887339088;
1749221166;6.0226784;-12.117956;-11.618974;17.835864625199047;
1749221177;6.023652;-12.115257;-11.617514;17.833408716680456;
1749221187;5.991752;-12.112281;-11.617825;17.820838601499595;
1749221197;5.9920883;-12.112011;-11.617962;17.820857727122583;
1749221206;5.964867;-12.115463;-11.617234;17.81359651455162;
1749221217;5.9630923;-12.119927;-11.61721;17.8160233396598;
1749221226;5.9414825;-12.123531;-11.616774;17.810970102930877;
1749221236;5.93899;-12.126356;-11.615863;17.811467826445746;
1749221245;5.9205737;-12.125605;-11.6123705;17.80254557989708;
1749221255;5.9169726;-12.122238;-11.609901;17.79744460168409;
1749221265;5.8995137;-12.119705;-11.610454;17.790282437847967;
1749221276;5.89945;-12.121651;-11.605941;17.788642053885457;
1749221285;5.876409;-12.122359;-11.600169;17.777730530822897;
1749221296;5.8757505;-12.120746;-11.598718;17.775465445279043;
1749221305;5.857192;-12.121888;-11.602986;17.77290530768166;
1749221316;5.85777;-12.12835;-11.607983;17.7807651640678;
1749221325;5.8390913;-12.13654;-11.610243;17.781685502309244;
1749221336;5.838139;-12.139844;-11.608141;17.782255615225026;
1749221345;5.81955;-12.1376915;-11.605354;17.772871635523003;
1749221356;5.8184447;-12.132784;-11.600516;17.765999067103877;
1749221366;5.795382;-12.128939;-11.595378;17.75247575202818;
1749221376;5.7951736;-12.127454;-11.592597;17.749576860550846;
1749221385;5.770732;-12.128001;-11.591184;17.74106251275521;
1749221396;5.7675514;-12.129792;-11.589095;17.739888222530286;
1749221405;5.749944;-12.1317;-11.586434;17.73373773240659;
1749221416;5.7475533;-12.132775;-11.58264;17.731219597738225;
1749221425;5.7312527;-12.132881;-11.5786295;17.72339480676557;
1749221443;5.730361;-12.131955;-11.572216;17.718283117614195;
1749221446;5.7132626;-12.12818;-11.565314;17.70566584320889;
1749221457;5.7149243;-12.121569;-11.558596;17.697285695543187;
1749221465;5.701185;-12.113249;-11.55029;17.68172818637868;
1749221476;5.699743;-12.106293;-11.5451765;17.6731573864938;
1749221485;5.691517;-12.104963;-11.543141;17.66826571804526;
1749221496;5.6864257;-12.106104;-11.541134;17.666096340125684;
1749221506;5.6843233;-12.109946;-11.539743;17.667144873512854;
1749221516;5.6826854;-12.109629;-11.534446;17.662940265668002;
1749221526;5.679673;-12.105633;-11.528293;17.65521351369099;
1749221536;5.680805;-12.102003;-11.523676;17.650074601572612;
1749221546;5.6770988;-12.097169;-11.517168;17.641318146465963;
1749221556;5.6780086;-12.09386;-11.513466;17.636924889174004;
1749221565;5.674607;-12.092943;-11.512804;17.634769463585705;
1749221576;5.6766267;-12.096349;-11.512423;17.63750597766604;
1749221585;5.675698;-12.102421;-11.513504;17.642077824159195;
1749221596;5.678259;-12.106913;-11.513952;17.64627591424003;
1749221606;5.6776347;-12.111176;-11.516236;17.65049029056827;
1749221616;5.6777573;-12.112876;-11.516937;17.652153828767798;
1749221625;5.6800556;-12.11417;-11.516689;17.653619483407418;
1749221636;5.67817;-12.11538;-11.514239;17.65224527606053;
1749221645;5.681808;-12.116172;-11.511793;17.65236367431289;
1749221656;5.681997;-12.115895;-11.509479;17.65072528383454;
1749221665;5.6843705;-12.11748;-11.507515;17.65129731432127;
1749221676;5.689401;-12.1219845;-11.510443;17.657918482859994;
1749221685;5.6875854;-12.126217;-11.513524;17.662247856902944;
1749221696;5.6925983;-12.130996;-11.518203;17.67019323918836;
1749221705;5.694859;-12.1353655;-11.522436;17.67668095190023;
1749221716;5.696047;-12.137547;-11.522932;17.678884256752834;
1749221726;5.6979985;-12.13877;-11.519516;17.678127035195594;
1749221736;5.6952796;-12.134795;-11.509577;17.66804522396126;
1749221745;5.700202;-12.131353;-11.496927;17.659030945905048;
1749221756;5.698825;-12.130938;-11.484454;17.650182400162123;
1749221765;5.69907;-12.139717;-11.475748;17.650635215309688;
1749221776;5.6959386;-12.146222;-11.474299;17.65315766298098;
1749221785;5.6982737;-12.151364;-11.476387;17.658806211285718;
1749221796;5.702277;-12.154611;-11.478425;17.66365663769719;
1749221805;5.6925244;-12.15837;-11.477105;17.662240467362682;
1749221816;5.698245;-12.160622;-11.4766035;17.665309039430035;
1749221825;5.681003;-12.163463;-11.475432;17.660950376221184;
1749221836;5.6831594;-12.165319;-11.47336;17.661576613120182;
1749221845;5.6646633;-12.16665;-11.469403;17.653979425989494;
1749221856;5.6624546;-12.16542;-11.46503;17.649581640285614;
1749221865;5.645341;-12.164862;-11.461576;17.641470141626645;
1749221876;5.6451297;-12.162998;-11.459113;17.638517166472113;
1749221885;5.624988;-12.164499;-11.458008;17.632398496039674;
1749221896;5.624886;-12.167302;-11.457825;17.634180760587036;
1749221906;5.603637;-12.171663;-11.456871;17.629805190159136;
1749221916;5.604834;-12.1774025;-11.45864;17.635297829292693;
1749221925;5.582644;-12.181059;-11.460322;17.631877337765648;
1749221936;5.582096;-12.183928;-11.462407;17.635040795948733;
1749221945;5.561992;-12.18978;-11.465388;17.634671187493907;
1749221956;5.562119;-12.195616;-11.470051;17.641776482118612;
1749221965;5.54101;-12.20005;-11.473534;17.640464658056;
1749221976;5.5421295;-12.203807;-11.475271;17.644544526849554;
1749221985;5.5173764;-12.204358;-11.474166;17.636447565329615;
1749221997;5.491172;-12.200017;-11.464946;17.619261175823336;
1749222004;5.491172;-12.200017;-11.464946;17.619261175823336;
1749222017;5.460669;-12.19494;-11.455201;17.599917383574674;
1749222024;5.460669;-12.19494;-11.455201;17.599917383574674;
1749222037;5.427379;-12.195087;-11.449413;17.58595083111354;
1749222044;5.427379;-12.195087;-11.449413;17.58595083111354;
1749222057;5.392045;-12.196089;-11.44112;17.570371696087975;
1749222065;5.392045;-12.196089;-11.44112;17.570371696087975;
1749222077;5.354094;-12.193422;-11.422462;17.544757604653746;
1749222086;5.3524065;-12.187171;-11.41113;17.532520602668193;
1749222096;5.316522;-12.180187;-11.400341;17.50971570306219;
1749222105;5.3174167;-12.174411;-11.391056;17.499924485976003;
1749222116;5.284317;-12.171982;-11.384916;17.484206211212395;
1749222125;5.2849417;-12.172864;-11.381327;17.482672060575254;
1749222136;5.2582517;-12.178992;-11.381032;17.47869996595018;
1749222145;5.259093;-12.184163;-11.380036;17.48190821595895;
1749222156;5.2359614;-12.186643;-11.378297;17.47555980297737;
1749222165;5.236295;-12.186176;-11.377496;17.47481302844069;
1749222177;5.2166543;-12.185527;-11.37968;17.469907162568955;
1749222185;5.215868;-12.186827;-11.384184;17.47351329331123;
1749222197;5.1993446;-12.189384;-11.388868;17.473425538222592;
1749222205;5.198659;-12.193647;-11.391714;17.478050274417797;
1749222216;5.18443;-12.196652;-11.393654;17.477184963945472;
1749222225;5.182275;-12.197894;-11.394073;17.477685246032394;
1749222236;5.1714554;-12.198495;-11.396381;17.476405162294675;
1749222245;5.1725917;-12.198628;-11.399298;17.478736470242573;
1749222256;5.160516;-12.199702;-11.401376;17.477271753167653;
1749222266;5.162265;-12.200237;-11.404262;17.48004433775122;
1749222276;5.150514;-12.198785;-11.408321;17.478213403208485;
1749222286;5.1524935;-12.19983;-11.412896;17.482512436162107;
1749222297;5.144621;-12.203947;-11.415844;17.484991895323557;
1749222305;5.1451664;-12.210248;-11.4197445;17.49209700318172;
1749222316;5.1374936;-12.217667;-11.42383;17.49768873275007;
1749222325;5.135438;-12.225038;-11.424141;17.502435910278578;
1749222336;5.127491;-12.2254715;-11.419912;17.49764884362328;
1749222345;5.1209087;-12.222403;-11.41634;17.49124486898581;
1749222356;5.1162205;-12.220771;-11.412945;17.486516537839787;
1749222365;5.1149464;-12.220611;-11.410936;17.484721007869815;
1749222376;5.1082206;-12.217601;-11.409203;17.47951917918291;
1749222385;5.1092815;-12.214583;-11.409847;17.478141202652402;
1749222397;5.0997977;-12.215752;-11.415462;17.47985375635308;
1749222405;5.101638;-12.222126;-11.423799;17.490290059079395;
1749222415;5.092399;-12.232236;-11.431454;17.499664509010124;
1749222425;5.093054;-12.240806;-11.436535;17.509164733356045;
1749222435;5.0812545;-12.243887;-11.437256;17.50836189632767;
1749222447;5.078236;-12.24018;-11.435075;17.503468929201084;
1749222456;5.0665607;-12.232628;-11.431146;17.492235810262947;
1749222465;5.061591;-12.2272005;-11.427382;17.484541953276775;
1749222475;5.0550456;-12.227275;-11.426779;17.482305654815015;
1749222485;5.052544;-12.227898;-11.425607;17.481252012969193;
1749222496;5.046433;-12.226088;-11.424237;17.4773253041753;
1749222505;5.0424895;-12.22248;-11.418727;17.470061193404337;
1749222515;5.0342097;-12.218868;-11.411684;17.460542419389846;
1749222525;5.0318546;-12.214004;-11.408018;17.454063174392196;
1749222535;5.0229917;-12.212071;-11.408086;17.450202167084043;
1749222545;5.0252886;-12.213923;-11.411687;17.454513723374852;
1749222555;5.0153975;-12.2193165;-11.4206295;17.461291077087388;
1749222566;5.01858;-12.227337;-11.431402;17.47486390454201;
1749222576;5.0096087;-12.235944;-11.438537;17.48298089215668;
1749222585;5.008679;-12.244194;-11.444236;17.49221784115658;
1749222595;5.0030546;-12.250065;-11.447174;17.496640780030255;
1749222605;4.9985175;-12.252362;-11.447151;17.496937683445715;
1749222615;4.99449;-12.249898;-11.442037;17.490715651198727;
1749222626;4.987465;-12.243071;-11.434382;17.47892118254898;
1749222636;4.9881606;-12.234643;-11.42772;17.468858611186285;
1749222645;4.9859786;-12.227711;-11.423154;17.46039337138573;
1749222655;4.9870925;-12.227137;-11.4232435;17.460368090563488;
1749222665;4.9914446;-12.231052;-11.429054;17.468155115388647;
1749222675;4.991999;-12.236482;-11.438109;17.47804009839417;
1749222685;4.9943275;-12.243408;-11.442939;17.486714972892383;
1749222696;4.9984803;-12.254015;-11.452912;17.50185387950586;
1749222705;4.9981546;-12.272433;-11.457505;17.517665211137274;
1749222715;5.004599;-12.288575;-11.46238;17.534002866146874;
1749222725;5.001255;-12.297432;-11.463429;17.539942963661996;
1749222735;5.0060244;-12.296584;-11.457888;17.537087857984226;
1749222746;4.999902;-12.292132;-11.445825;17.524338430225864;
1749222756;5.0047603;-12.278977;-11.427082;17.5042599273696;
1749222766;4.9982076;-12.263443;-11.407732;17.47885758738347;
1749222776;5.001252;-12.253747;-11.3949;17.46455243816946;
1749222786;4.9980145;-12.248893;-11.383021;17.45246968314137;
1749222795;4.9997783;-12.249864;-11.3802595;17.451855150089223;
1749222806;4.9979014;-12.248805;-11.375582;17.447524288886505;
1749222816;4.9986672;-12.250959;-11.371146;17.446364843664185;
1749222825;4.997916;-12.255551;-11.367726;17.447146098547176;
1749222835;4.997437;-12.260665;-11.365295;17.449017768913087;
1749222845;4.9987583;-12.263868;-11.362961;17.450126923824214;
1749222855;4.9951487;-12.268336;-11.364314;17.45311491079503;
1749222865;4.9976563;-12.271967;-11.362942;17.455491583206385;
1749222876;4.9907513;-12.27509;-11.361761;17.454943517279865;
1749222885;4.9925838;-12.278841;-11.355099;17.453770260878986;
1749222895;4.9831553;-12.286301;-11.346119;17.45048523235123;
1749222905;4.981206;-12.296183;-11.339954;17.452881859578053;
1749222915;4.9768343;-12.303424;-11.340452;17.457060886628668;
1749222925;4.9726915;-12.308693;-11.3329735;17.45473777266849;
1749222936;4.9673495;-12.305087;-11.320932;17.442856410795216;
1749222945;4.96231;-12.295771;-11.309072;17.427151052176264;
1749222956;4.9555817;-12.279637;-11.29061;17.401872428273727;
1749222965;4.953649;-12.26741;-11.273481;17.381581515090467;
1749222975;4.9453673;-12.261727;-11.269228;17.37245275088543;
1749222986;4.9474463;-12.263435;-11.267699;17.373258717659027;
1749222996;4.9382176;-12.273848;-11.266673;17.37731999903223;
1749223005;4.940974;-12.286141;-11.2720585;17.390278874160977;
1749223015;4.93341;-12.295343;-11.274622;17.39629574372302;
1749223025;4.930472;-12.30432;-11.270848;17.399364151167248;
1749223035;4.928454;-12.308066;-11.268277;17.399776611400156;
1749223045;4.9231725;-12.305636;-11.258979;17.39054108318055;
1749223056;4.919836;-12.2957535;-11.248319;17.37570180655333;
1749223066;4.9156446;-12.286795;-11.23321;17.35839518798946;
1749223075;4.9112573;-12.2806;-11.219277;17.343752745746688;
1749223085;4.908717;-12.273357;-11.207235;17.330116261916878;
1749223096;4.904919;-12.264846;-11.195338;17.315319056685798;
1749223105;4.9044223;-12.267153;-11.189841;17.31325916951499;
1749223116;4.9026985;-12.273691;-11.189778;17.317363739696763;
1749223125;4.9022717;-12.280134;-11.192168;17.32335400841822;
1749223135;4.902545;-12.285167;-11.193641;17.32795029410508;
1749223145;4.901464;-12.289365;-11.188644;17.3273945088661;
1749223155;4.9001904;-12.291113;-11.185009;17.32592705181437;
1749223166;4.8987203;-12.287202;-11.17791;17.318154028141095;
1749223176;4.8962708;-12.285929;-11.167011;17.309524905224933;
1749223185;4.8953705;-12.279875;-11.1562605;17.298038196385946;
1749223196;4.892901;-12.278246;-11.153;17.29408017037826;
1749223205;4.893729;-12.2813835;-11.153724;17.29700897140846;
1749223215;4.8922324;-12.286224;-11.151855;17.298818675883282;
1749223225;4.890791;-12.291755;-11.1531515;17.303174819251208;
1749223237;4.8876195;-12.286458;-11.150774;17.296983428977057;
1749223245;4.8876195;-12.286458;-11.150774;17.296983428977057;
1749223256;4.8867;-12.285981;-11.150179;17.29600131855158;
1749223266;4.885011;-12.278937;-11.143695;17.286340622187325;
1749223276;4.8801084;-12.274233;-11.13872;17.278406274529107;
1749223287;4.8748264;-12.279733;-11.137731;17.28018549970963;
1749223296;4.874005;-12.28897;-11.137331;17.28626184847604;
1749223305;4.869693;-12.292971;-11.13371;17.285558477455556;
1749223315;4.8689375;-12.298391;-11.129636;17.28657789129487;
1749223325;4.864272;-12.298879;-11.127862;17.284469096213034;
1749223335;4.8647285;-12.294587;-11.130347;17.283144554025306;
1749223346;4.8644657;-12.294399;-11.133439;17.28492826918155;
1749223355;4.8654113;-12.290125;-11.13725;17.28460972084894;
1749223365;4.862719;-12.290712;-11.137559;17.284468923149376;
1749223375;4.8603177;-12.28681;-11.132556;17.277794665211736;
1749223385;4.855785;-12.288416;-11.1246;17.272537357546927;
1749223395;4.855513;-12.292397;-11.124093;17.274966470765413;
1749223405;4.850113;-12.297088;-11.126989;17.278653094420278;
1749223415;4.8539186;-12.303199;-11.131342;17.28687362237457;
1749223425;4.844983;-12.311636;-11.135899;17.293307345350986;
1749223435;4.8482046;-12.316525;-11.147659;17.305264957934344;
1749223445;4.8411527;-12.322359;-11.155762;17.312663345139363;
1749223455;4.840881;-12.324472;-11.15897;17.316158840291514;
1749223465;4.8331313;-12.323533;-11.156662;17.31183791590381;
1749223476;4.829864;-12.322003;-11.149148;17.304995066789015;
1749223485;4.8248796;-12.317981;-11.140714;17.295306164414274;
1749223495;4.8209915;-12.312122;-11.128951;17.282472850097435;
1749223505;4.818019;-12.303493;-11.121551;17.270730208612616;
1749223515;4.8164763;-12.295949;-11.115753;17.261192727556022;
1749223526;4.814177;-12.293696;-11.109222;17.254741215095745;
1749223536;4.8172116;-12.296996;-11.113101;17.260436127769754;
1749223546;4.816827;-12.301233;-11.123146;17.26981584501408;
1749223555;4.818975;-12.308905;-11.130169;17.28040258442278;
1749223566;4.8183727;-12.310337;-11.13088;17.281713222981224;
1749223575;4.8167796;-12.311651;-11.126827;17.27959508435433;
1749223585;4.8165903;-12.306065;-11.121177;17.27192345733795;
1749223595;4.8143935;-12.298112;-11.111806;17.259611014397336;
1749223605;4.8129416;-12.288207;-11.1034565;17.24677318125812;
1749223615;4.8124747;-12.280444;-11.101364;17.23976528499933;
1749223626;4.8119407;-12.277127;-11.098115;17.235161233478756;
1749223635;4.813628;-12.276028;-11.098591;17.23515566732169;
1749223646;4.813787;-12.279241;-11.102724;17.24015014231298;
1749223655;4.814865;-12.2846775;-11.110317;17.249213791355373;
1749223665;4.8173795;-12.2904825;-11.113701;17.256229384125707;
1749223675;4.8136315;-12.29125;-11.114826;17.25645508930061;
1749223686;4.822194;-12.28736;-11.110476;17.253273403412916;
1749223695;4.819568;-12.279982;-11.10631;17.244602199838994;
1749223707;4.8285947;-12.274682;-11.104239;17.24202076333082;
1749223716;4.829636;-12.273948;-11.102698;17.24079718223091;
1749223725;4.8377123;-12.274821;-11.10272;17.243697250219675;
1749223735;4.839717;-12.274898;-11.105145;17.24587561799165;
1749223746;4.8539453;-12.277075;-11.111723;17.255658125910973;
1749223756;4.8580284;-12.285907;-11.120661;17.26884599415137;
1749223766;4.870868;-12.29491;-11.127923;17.28354275432588;
1749223776;4.869357;-12.299802;-11.131264;17.28874766771318;
1749223786;4.8837276;-12.300975;-11.129231;17.292326901832908;
1749223795;4.879945;-12.298316;-11.125412;17.286909198398973;
1749223805;4.8929024;-12.291139;-11.120562;17.282345709600662;
1749223815;4.8896646;-12.283808;-11.112837;17.271244770481644;
1749223826;4.8997483;-12.278285;-11.104624;17.264891730432904;
1749223836;4.8996;-12.272836;-11.098165;17.25681992437183;
1749223845;4.9059095;-12.269502;-11.093938;17.25352362769488;
1749223856;4.908068;-12.267584;-11.093025;17.25218696163824;
1749223866;4.9131203;-12.268235;-11.094203;17.25484528967924;
1749223876;4.9162498;-12.270742;-11.097478;17.25962476709844;
1749223887;4.919225;-12.274136;-11.098576;17.263590627936804;
1749223897;4.921766;-12.276166;-11.10001;17.266680327980268;
1749223906;4.924214;-12.274926;-11.099055;17.265883226617078;
1749223916;4.923352;-12.272795;-11.096065;17.262199506777584;
1749223926;4.927664;-12.26899;-11.094137;17.25948595651018;
1749223936;4.925264;-12.26601;-11.092657;17.255731624626225;
1749223946;4.9311733;-12.266795;-11.090925;17.256864024983777;
1749223956;4.9285684;-12.2658205;-11.085834;17.25215477021407;
1749223966;4.9326982;-12.263882;-11.083867;17.250693182019905;
1749223975;4.930085;-12.260396;-11.080832;17.245517603634006;
1749223985;4.9346147;-12.257852;-11.078766;17.24367712737564;
1749223995;4.934002;-12.257571;-11.078687;17.243251622191245;
1749224006;4.9342256;-12.257195;-11.082164;17.24528275945798;
1749224016;4.937335;-12.26011;-11.087078;17.251402044822626;
1749224025;4.9361844;-12.262369;-11.091707;17.255653655409702;
1749224035;4.938214;-12.265469;-11.093959;17.259884089036706;
1749224046;4.9337263;-12.26808;-11.094184;17.260601181340075;
1749224055;4.932561;-12.268545;-11.093728;17.260305899484624;
1749224066;4.9325275;-12.266721;-11.09281;17.258409340946383;
1749224075;4.930828;-12.265725;-11.092919;17.25728653359804;
1749224085;4.933823;-12.265322;-11.093112;17.257979641631845;
1749224095;4.9338317;-12.265917;-11.092684;17.258129806439594;
1749224105;4.9403253;-12.265612;-11.090843;17.258587592605252;
1749224115;4.939187;-12.262678;-11.0881195;17.25442662717914;
1749224126;4.9453363;-12.261565;-11.083765;17.25259922831919;
1749224136;4.945044;-12.261246;-11.0802355;17.250021034061987;
1749224146;4.950727;-12.259299;-11.077631;17.24859486979439;
1749224155;4.9500527;-12.257004;-11.075459;17.245374610339493;
1749224165;4.955476;-12.2561245;-11.072766;17.244578329774416;
1749224175;4.956837;-12.25732;-11.068241;17.24291448005466;
1749224186;4.958571;-12.257986;-11.064414;17.24142993202123;
1749224195;4.9574895;-12.257678;-11.058936;17.23738497767683;
1749224205;4.964948;-12.256586;-11.053798;17.235459282804218;
1749224215;4.964103;-12.260363;-11.047073;17.233590525842143;
1749224225;4.969387;-12.262788;-11.043517;17.23455955363083;
1749224235;4.96659;-12.262088;-11.040726;17.231466490772096;
1749224246;4.972519;-12.258884;-11.037154;17.228608901149354;
1749224256;4.970713;-12.255966;-11.032505;17.223032939276283;
1749224265;4.9787126;-12.25408;-11.02877;17.22160934738753;
1749224275;4.9784164;-12.251383;-11.027199;17.218598219898663;
1749224286;4.9875884;-12.2498;-11.028719;17.22109964931178;
1749224296;4.9879794;-12.2503395;-11.02867;17.221565710066493;
1749224305;4.9959297;-12.248962;-11.024039;17.219925536270242;
1749224316;4.991471;-12.2456455;-11.014435;17.210124620207814;
1749224325;5.0012536;-12.2400675;-11.005595;17.20334024104785;
1749224335;4.995731;-12.233476;-10.999629;17.193228112424872;
1749224346;5.0105357;-12.231635;-10.993408;17.192247937868316;
1749224355;5.0086946;-12.233194;-10.990046;17.190670936711193;
1749224366;5.021693;-12.232958;-10.9861555;17.191808319549306;
1749224376;5.022504;-12.231317;-10.9810505;17.18761530271658;
1749224386;5.0321817;-12.225674;-10.974512;17.18225438413244;
1749224396;5.029381;-12.220604;-10.967777;17.17352525828759;
1749224406;5.042065;-12.218267;-10.961641;17.17166446248422;
1749224415;5.0383487;-12.219245;-10.95641;17.167930385343777;
1749224427;5.0473866;-12.218705;-10.941748;17.160848176599725;
1749224436;5.062196;-12.212295;-10.930753;17.153638702641363;
1749224445;5.062196;-12.212295;-10.930753;17.153638702641363;
1749224455;5.0612817;-12.20388;-10.918473;17.139554394760744;
1749224465;5.0699654;-12.194462;-10.906859;17.128018853428287;
1749224475;5.0787234;-12.196519;-10.89497;17.124510939350476;
1749224487;5.076673;-12.20835;-10.889726;17.12899730618875;
1749224496;5.094087;-12.209018;-10.888454;17.133834310087448;
1749224506;5.0896587;-12.2098;-10.881058;17.12837569429906;
1749224515;5.104055;-12.2088375;-10.871362;17.125816650592597;
1749224525;5.100548;-12.208126;-10.857601;17.11553192084343;
1749224535;5.109848;-12.204541;-10.846849;17.10893087476734;
1749224546;5.10912;-12.197733;-10.838157;17.098345979903424;
1749224556;5.115441;-12.191386;-10.831084;17.091226379026967;
1749224565;5.116466;-12.190189;-10.826502;17.087775855644335;
1749224575;5.1208944;-12.195013;-10.825983;17.092214950888867;
1749224585;5.120292;-12.200328;-10.827838;17.097001691351185;
1749224595;5.127297;-12.203639;-10.827761;17.101414591704074;
1749224606;5.12674;-12.205239;-10.826633;17.10167597095009;
1749224616;5.131612;-12.204185;-10.824332;17.100927705535828;
1749224625;5.130736;-12.20091;-10.821041;17.096244519675153;
1749224635;5.1342506;-12.198417;-10.817;17.092963385247185;
1749224645;5.133534;-12.196829;-10.814867;17.09026486983296;
1749224656;5.137116;-12.198958;-10.814105;17.092378827769725;
1749224666;5.136567;-12.203094;-10.813117;17.09454045161853;
1749224676;5.1383796;-12.207437;-10.810204;17.09634326079044;
1749224686;5.1391478;-12.209019;-10.80633;17.095254886971123;
1749224696;5.1379733;-12.208378;-10.801297;17.091263268040088;
1749224706;5.1377387;-12.206209;-10.800914;17.089401416000126;
1749224716;5.137536;-12.201004;-10.797932;17.0837380080411;
1749224726;5.135237;-12.195355;-10.793067;17.07593774239985;
1749224736;5.135802;-12.189417;-10.789201;17.06942288376318;
1749224745;5.1358223;-12.185324;-10.787358;17.06534158607214;
1749224755;5.1344576;-12.183725;-10.786767;17.063415857944616;
1749224765;5.135346;-12.183818;-10.785249;17.06278952423217;
1749224776;5.1324506;-12.183758;-10.784223;17.061226796452342;
1749224786;5.1333275;-12.183106;-10.78429;17.06106827634366;
1749224796;5.1304865;-12.18056;-10.781511;17.05663865792285;
1749224805;5.130531;-12.178826;-10.777942;17.053157620756167;
1749224816;5.1314354;-12.1768055;-10.77399;17.049488991396935;
1749224825;5.130112;-12.17415;-10.770329;17.044881562766346;
1749224836;5.1353617;-12.172579;-10.768736;17.04433298772757;
1749224845;5.13516;-12.171117;-10.768053;17.04279670021864;
1749224856;5.1429343;-12.171162;-10.76707;17.044551675800783;
1749224865;5.142722;-12.172717;-10.76597;17.04490385308264;
1749224876;5.155998;-12.172383;-10.764756;17.047909234212728;
1749224885;5.156062;-12.170495;-10.762578;17.045204939715322;
1749224896;5.171914;-12.167524;-10.760572;17.04662028293737;
1749224905;5.171322;-12.166587;-10.759061;17.044817296270114;
1749224917;5.1871705;-12.1661;-10.759291;17.049429677766383;
1749224925;5.187755;-12.164758;-10.759386;17.048710276699612;
1749224936;5.2061815;-12.163944;-10.759071;17.053547489615582;
1749224946;5.2061543;-12.161566;-10.75754;17.05087642235725;
1749224955;5.223059;-12.158543;-10.761096;17.05613359663116;
1749224966;5.223357;-12.16052;-10.766575;17.06109116067857;
1749224976;5.2404246;-12.166127;-10.770987;17.073103200980647;
1749224985;5.241553;-12.165794;-10.770976;17.07320573909305;
1749224996;5.2553673;-12.165584;-10.774698;17.079649655706174;
1749225005;5.256459;-12.169008;-10.779886;17.085697910312504;
1749225016;5.2658057;-12.173569;-10.781185;17.09264282235487;
1749225025;5.262502;-12.171512;-10.775833;17.086784508131473;
1749225036;5.269561;-12.16367;-10.770372;17.079931217911785;
1749225045;5.2671175;-12.157647;-10.773116;17.07661972776967;
1749225055;5.27472;-12.155446;-10.773481;17.07762988966847;
1749225065;5.275771;-12.15531;-10.774751;17.078658241563986;
1749225075;5.2809057;-12.159308;-10.779373;17.086006928431555;
1749225085;5.280797;-12.164285;-10.779642;17.089684705411795;
1749225096;5.285775;-12.165226;-10.779907;17.092060798074975;
1749225106;5.2853065;-12.161204;-10.779964;17.089089757532566;
1749225115;5.2910337;-12.160464;-10.783229;17.09239464536498;
1749225126;5.2928104;-12.164579;-10.786676;17.098047316356634;
1749225137;5.2956367;-12.168672;-10.788033;17.10268932591066;
1749225147;5.2958984;-12.169721;-10.787432;17.103137840750353;
1749225156;5.297798;-12.166627;-10.78503;17.100010413530885;
1749225165;5.295611;-12.162884;-10.781786;17.094623270845123;
1749225176;5.294239;-12.157127;-10.778062;17.087753825570527;
1749225185;5.293328;-12.153063;-10.777258;17.084072800821307;
1749225195;5.2885633;-12.153502;-10.78;17.084639816441463;
1749225205;5.2908697;-12.157946;-10.78596;17.09227549837875;
1749225216;5.2812343;-12.165916;-10.791029;17.098165533778584;
1749225225;5.2818036;-12.172474;-10.794138;17.104969586826588;
1749225235;5.270191;-12.175138;-10.793811;17.103077635360044;
1749225245;5.2698984;-12.173319;-10.793674;17.10160606437732;
1749225256;5.2584767;-12.169905;-10.794762;17.09634573332488;
1749225270;5.2626805;-12.170492;-10.800012;17.10137238333771;
1749225278;5.2498446;-12.174285;-10.806797;17.10441298275281;
1749225286;5.251554;-12.180696;-10.814193;17.114173323246774;
1749225297;5.2455964;-12.185445;-10.819484;17.11907054144268;
1749225307;5.245786;-12.187218;-10.82412;17.123320727610164;
1749225317;5.2431765;-12.1896305;-10.828028;17.126709425440982;
1749225328;5.24316;-12.190793;-10.827977;17.127499790861574;
1749225339;5.2401304;-12.189291;-10.825816;17.124137273684003;
1749225346;5.2388015;-12.1848135;-10.824715;17.119847208450754;
1749225357;5.238063;-12.181634;-10.824798;17.117410783230724;
1749225366;5.2398243;-12.181866;-10.82698;17.11949469018908;
1749225378;5.237481;-12.183797;-10.830536;17.122401191611946;
1749225386;5.24104;-12.185432;-10.834275;17.127019191756478;
1749225397;5.238032;-12.18578;-10.838359;17.12892946940795;
1749225407;5.2416406;-12.189019;-10.842306;17.134835492285895;
1749225418;5.23839;-12.190829;-10.845061;17.136872601966562;
1749225427;5.2370763;-12.193392;-10.8479595;17.14012827515625;
1749225436;5.239012;-12.195377;-10.849219;17.14292953014342;
1749225447;5.235839;-12.196001;-10.849363;17.142495009943246;
1749225462;5.239349;-12.1938;-10.847197;17.140630331686992;
1749225469;5.238815;-12.189659;-10.844584;17.13586830245981;
1749225483;5.2410874;-12.187834;-10.844618;17.135285993780247;
1749225486;5.2453165;-12.1892805;-10.848294;17.13993561548828;
1749225498;5.247517;-12.192458;-10.854286;17.14666149410441;
1749225509;5.248299;-12.197642;-10.85942;17.153836914220186;
1749225517;5.2602367;-12.2044;-10.866811;17.166975516456446;
1749225533;5.257763;-12.206514;-10.872222;17.171146544421706;
1749225536;5.2759485;-12.208085;-10.873061;17.178371083852664;
1749225546;5.2759967;-12.206073;-10.874108;17.17761875329683;
1749225556;5.289353;-12.201756;-10.873725;17.17841628061907;
1749225567;5.2921157;-12.197088;-10.874227;17.17627007035964;
1749225576;5.30344;-12.197522;-10.878994;17.183088603296834;
1749225586;5.307496;-12.202496;-10.884593;17.191415816946005;
1749225596;5.3222866;-12.210326;-10.890639;17.205371980032293;
1749225606;5.322998;-12.216026;-10.894648;17.212174563664448;
1749225617;5.3438983;-12.219704;-10.900664;17.22506573906069;
1749225626;5.3436174;-12.225509;-10.903984;17.231197830057884;
1749225637;5.366139;-12.229572;-10.902102;17.239887583517312;
1749225646;5.3609824;-12.224155;-10.8953;17.23013837808299;
1749225656;5.387061;-12.212857;-10.889781;17.226771021030856;
1749225667;5.384549;-12.2043295;-10.88216;17.215122366634347;
1749225678;5.4080276;-12.203803;-10.876863;17.218760427119513;
1749225689;5.4299793;-12.211708;-10.872941;17.228793799450084;
1749225697;5.4325943;-12.214475;-10.873402;17.231869769306154;
1749225707;5.4325943;-12.214475;-10.873402;17.231869769306154;
1749225718;5.450896;-12.215048;-10.869678;17.235705625788768;
1749225727;5.450035;-12.212736;-10.865743;17.231313657882524;
1749225737;5.4698763;-12.213004;-10.860435;17.23444383477809;
1749225748;5.4876647;-12.211359;-10.852705;17.234063912081204;
1749225758;5.485784;-12.208712;-10.85036;17.2301124931948;
1749225767;5.50524;-12.207525;-10.848061;17.234029094173348;
1749225776;5.505207;-12.209491;-10.845039;17.233509471089064;
1749225788;5.5226517;-12.2096195;-10.843406;17.23815355699568;
1749225796;5.5238843;-12.209596;-10.844122;17.238982130406484;
1749225806;5.540465;-12.212669;-10.842788;17.245639747486624;
1749225817;5.5397887;-12.215006;-10.841002;17.24595494727864;
1749225827;5.5556207;-12.214005;-10.836101;17.24725851848953;
1749225841;5.5534596;-12.212267;-10.832518;17.243080219824474;
1749225843;5.5534596;-12.212267;-10.832518;17.243080219824474;
1749225847;5.569397;-12.208784;-10.828517;17.243241327500897;
1749225857;5.568481;-12.20888;-10.825294;17.2409895819188;
1749225867;5.580763;-12.20685;-10.81947;17.23986781216979;
1749225876;5.5800953;-12.203907;-10.813543;17.233848350433075;
1749225886;5.5897393;-12.201348;-10.80948;17.232612623290102;
1749225896;5.5897;-12.200735;-10.807469;17.230904778942552;
1749225906;5.5954785;-12.201479;-10.807808;17.233519109127315;
1749225916;5.5938926;-12.205796;-10.807778;17.23604273242201;
1749225926;5.601602;-12.210554;-10.80765;17.24183482023705;
1749225936;5.6004953;-12.212901;-10.809408;17.244239822699118;
1749225946;5.609437;-12.213898;-10.810931;17.24880616208617;
1749225955;5.6078944;-12.214088;-10.809374;17.24746356428979;
1749225966;5.6205482;-12.213294;-10.807037;17.249555646920793;
1749225976;5.621666;-12.209407;-10.8002;17.242884730434493;
1749225986;5.6343913;-12.20313;-10.795563;17.239690151396374;
1749225996;5.6328325;-12.19778;-10.790892;17.23246857959463;
1749226006;5.653729;-12.195143;-10.787034;17.235030056143174;
1749226016;5.6516275;-12.196121;-10.78176;17.231732934288672;
1749226026;5.6775093;-12.19632;-10.779905;17.239219295880673;
1749226035;5.67634;-12.196199;-10.779887;17.238737924235302;
1749226047;5.709926;-12.195666;-10.779193;17.249015430378783;
1749226056;5.707631;-12.195163;-10.776587;17.246271053725295;
1749226066;5.7458;-12.19024;-10.7715025;17.252287756108664;
1749226076;5.7415047;-12.185963;-10.766353;17.244619789696987;
1749226134;5.7828674;-12.181817;-10.761212;17.25230169299817;
1749226135;5.7804527;-12.180821;-10.7568245;17.248052567218828;
1749226137;5.8201656;-12.182934;-10.754889;17.261686810805656;
1749226139;5.822956;-12.186211;-10.756564;17.26598445645116;
1749226140;5.8582554;-12.190197;-10.758323;17.281827637918582;
1749226140;5.8622837;-12.194264;-10.763315;17.289170278451657;
1749226146;5.895523;-12.196788;-10.765447;17.30357383916985;
1749226156;5.896476;-12.195456;-10.764656;17.30246754377458;
1749226166;5.925095;-12.191001;-10.760851;17.30673764267576;
1749226176;5.9218583;-12.186753;-10.755819;17.299508965525927;
1749226186;5.9488635;-12.1852;-10.749692;17.3038708664954;
1749226196;5.9458504;-12.18487;-10.744582;17.299428719219765;
1749226206;5.9696283;-12.185956;-10.740704;17.30597294475536;
1749226216;5.968134;-12.18551;-10.73796;17.303440431280155;
1749226227;5.9871087;-12.18282;-10.734575;17.30600149915925;
1749226237;5.9888625;-12.1808;-10.732092;17.303646152048877;
1749226246;5.9975696;-12.178861;-10.729574;17.303735154855893;
1749226256;6.000747;-12.17721;-10.729249;17.303473378239634;
1749226266;6.004146;-12.177167;-10.7285795;17.304207106263185;
1749226276;6.0041494;-12.177115;-10.729735;17.30488867675947;
1749226287;6.006754;-12.1784115;-10.729178;17.30635919814616;
1749226296;6.0026603;-12.177996;-10.725919;17.30262531101243;
1749226306;6.003511;-12.174272;-10.721834;17.29776750286281;
1749226316;6.000726;-12.1685095;-10.715818;17.28901681246092;
1749226326;5.9950376;-12.164618;-10.710301;17.280883982405953;
1749226336;5.9979095;-12.164827;-10.707739;17.280440247349542;
1749226347;5.9857836;-12.168662;-10.708142;17.279185534484164;
1749226357;5.987405;-12.17406;-10.711215;17.28545276735386;
1749226366;5.9763913;-12.176246;-10.712557;17.284012447129374;
1749226376;5.976047;-12.178224;-10.713108;17.285628506654724;
