1749090482;348.61923;-29.477388;-17.50246;350.30075876717507;
1749090501;348.65814;-29.301037;-17.042627;350.302015340473;
1749090504;348.65814;-29.301037;-17.042627;350.302015340473;
1749090510;348.0456;-29.139978;-16.496363;349.65268955413615;
1749090538;348.0915;-29.005274;-15.962243;349.6623881787261;
1749090542;347.55225;-28.885424;-15.516998;349.0955581224254;
1749090544;347.53387;-28.788456;-15.183092;349.0545736931564;
1749090609;347.15244;-28.725437;-14.93141;348.6587315364191;
1749090611;347.1325;-28.689896;-14.747837;348.6281492516013;
1749090613;346.9107;-28.66972;-14.649028;348.40147026129455;
1749090615;346.9502;-28.646008;-14.623541;348.437770230294;
1749090617;346.83853;-28.602583;-14.630809;348.32331998646606;
1749090618;346.8706;-28.529104;-14.662152;348.35054964269506;
1749090620;346.79483;-28.443235;-14.692921;348.26936973608184;
1749090622;346.80508;-28.3615;-14.6879425;348.27270460360114;
1749090634;346.6844;-28.294933;-14.643457;348.14522606183294;
1749090644;346.62613;-28.24244;-14.573292;348.08000462388986;
1749090646;346.62613;-28.24244;-14.573292;348.08000462388986;
1749090648;346.44037;-28.18378;-14.507504;347.8875137319325;
1749090656;346.3617;-28.112247;-14.419009;347.7996975091691;
1749090683;346.24908;-28.032112;-14.29734;347.67605863859075;
1749090688;346.2741;-27.941887;-14.136608;347.6871456038784;
1749090693;346.22885;-27.843418;-13.939275;347.6262026941049;
1749090693;346.22885;-27.843418;-13.939275;347.6262026941049;
1749090694;346.28296;-27.739191;-13.72012;347.66304392038876;
1749090704;346.2468;-27.629055;-13.493419;347.6093792324688;
1749090717;346.2586;-27.515654;-13.280627;347.6039534485706;
1749090732;346.22427;-27.405205;-13.095958;347.5540203257257;
1749090738;346.2248;-27.299524;-12.939096;347.54034466880114;
1749090747;346.18573;-27.201014;-12.818801;347.489246507374;
1749090760;346.20032;-27.118582;-12.72591;347.49392228261826;
1749090764;346.19778;-27.047508;-12.667591;347.48372840479294;
1749090775;346.2192;-26.983414;-12.649442;347.4994285103408;
1749090782;346.20657;-26.936785;-12.66892;347.4839326075441;
1749090793;346.219;-26.915493;-12.717046;347.4964156955711;
1749090810;346.28064;-26.93453;-12.782777;347.56172070455534;
1749090811;346.28064;-26.93453;-12.782777;347.56172070455534;
1749090824;346.26398;-26.991703;-12.858373;347.5523436604346;
1749090829;346.34015;-27.06551;-12.939601;347.6369857352075;
1749090835;346.31836;-27.136866;-13.008438;347.6234097090052;
1749090848;346.44107;-27.199522;-13.05457;347.75228420460235;
1749090852;346.44107;-27.199522;-13.05457;347.75228420460235;
1749090858;346.4283;-27.245218;-13.06421;347.743515232052;
1749090878;346.55618;-27.269266;-13.056844;347.8725081456058;
1749090888;346.5279;-27.266712;-13.046935;347.8437534032279;
1749090893;346.63968;-27.25144;-13.034486;347.95345354126556;
1749090907;346.5929;-27.234636;-13.020572;347.90500990769294;
1749090915;346.5929;-27.234636;-13.020572;347.90500990769294;
1749090918;346.69705;-27.218927;-13.01434;348.0073116053946;
1749090921;346.64227;-27.19737;-13.007763;347.95080723429425;
1749090926;346.78262;-27.168148;-13.010715;348.0884582648058;
1749090934;346.73453;-27.1355;-13.021127;348.03838541334517;
1749090943;346.8959;-27.10702;-13.031238;348.19731797193987;
1749090960;346.87122;-27.0839;-13.041177;348.17129450970066;
1749090967;347.06097;-27.057222;-13.054612;348.3587747405032;
1749090974;347.03763;-27.023771;-13.070246;348.3335052888423;
1749090984;347.2427;-26.979336;-13.090372;348.5351337791758;
1749090994;347.22766;-26.922386;-13.109559;348.51646169376926;
1749091003;347.43118;-26.855885;-13.125107;348.71468823137633;
1749091014;347.42627;-26.78643;-13.133849;348.70478001471264;
1749091026;347.69653;-26.712639;-13.138969;348.9685899812826;
1749091033;347.69232;-26.635178;-13.156217;348.95912274240396;
1749091044;347.99194;-26.546715;-13.194364;349.25236139422367;
1749091058;348.01215;-26.440407;-13.2689705;349.26725361873116;
1749091064;348.36115;-26.318783;-13.417374;349.611486658529;
1749091084;348.45676;-26.223726;-13.58554;349.7061079338413;
1749091086;348.45676;-26.223726;-13.58554;349.7061079338413;
1749091089;348.7468;-26.171799;-13.710752;349.9961074558741;
1749091093;348.72717;-26.155914;-13.7839;349.97824053026926;
1749091110;348.91824;-26.149841;-13.835837;350.17022314739904;
1749091116;348.91824;-26.149841;-13.835837;350.17022314739904;
1749091118;348.88177;-26.133965;-13.897113;350.1351263540663;
1749091123;349.0771;-26.123205;-13.963672;350.3315842531812;
1749091153;349.09482;-26.136911;-14.005345;350.35193715784254;
1749091166;349.24118;-26.166725;-14.018314;350.5005174663381;
1749091171;349.25385;-26.191822;-14.017661;350.51498507527845;
1749091173;349.3582;-26.200682;-14.0114;350.61936106536467;
1749091175;349.3282;-26.199463;-13.997139;350.5888094533436;
1749091187;349.41342;-26.197126;-13.979668;350.672867149408;
1749091201;349.38693;-26.202244;-13.963357;350.64620549976206;
1749091204;349.50064;-26.216787;-13.958994;350.7604188293022;
1749091214;349.49103;-26.240955;-13.966536;350.7529477975848;
1749091227;349.59518;-26.264925;-13.977829;350.8589729399064;
1749091236;349.59067;-26.276937;-13.9809475;350.8554963180132;
1749091246;349.67148;-26.272343;-13.971935;350.9353126743027;
1749091259;349.6768;-26.250608;-13.95075;350.9381343996179;
1749091265;349.7156;-26.21671;-13.914909;350.9728566466631;
1749091275;349.73163;-26.17732;-13.871302;350.9841549598899;
1749091286;349.7664;-26.14516;-13.822685;351.0144757502562;
1749091294;349.79886;-26.130928;-13.767832;351.04361566676704;
1749091315;349.8744;-26.133425;-13.71697;351.11707406454957;
1749091322;349.928;-26.156935;-13.67066;351.17044819601597;
1749091327;349.97568;-26.193186;-13.624496;351.2188558736818;
1749091338;350.0066;-26.227823;-13.574076;351.25029330260537;
1749091345;350.0243;-26.249584;-13.517883;351.26738935479545;
1749091355;350.0475;-26.266253;-13.46735;351.2898056284339;
1749091363;350.0745;-26.283783;-13.426433;351.31646314151584;
1749091383;350.12918;-26.313942;-13.360476;351.3707005021184;
1749091388;350.12918;-26.313942;-13.360476;351.3707005021184;
1749091395;350.16397;-26.342295;-13.275093;351.4042560008285;
1749091396;350.16397;-26.342295;-13.275093;351.4042560008285;
1749091404;350.19464;-26.349226;-13.217216;351.43315603643345;
1749091416;350.1758;-26.349564;-13.152213;351.4119795315174;
1749091425;350.1758;-26.349564;-13.152213;351.4119795315174;
1749091435;350.18628;-26.333637;-13.029209;351.41663442228014;
1749091442;350.18628;-26.333637;-13.029209;351.41663442228014;
1749091455;350.1432;-26.310934;-12.968004;351.36972951810026;
1749091462;350.1432;-26.310934;-12.968004;351.36972951810026;
1749091474;350.11612;-26.32612;-12.956152;351.34345524116384;
1749091483;350.09875;-26.346529;-12.942425;351.32717532272557;
1749091493;350.06998;-26.36255;-12.913672;351.2986417263181;
1749091502;350.0547;-26.362892;-12.866556;351.28170261329524;
1749091513;349.98526;-26.343723;-12.800552;351.2086674929714;
1749091522;349.95078;-26.307741;-12.732486;351.169130853997;
1749091534;349.88702;-26.267904;-12.663889;351.1001372683469;
1749091542;349.84122;-26.229334;-12.592763;351.0490461104276;
1749091554;349.78162;-26.1936;-12.519894;350.98437492478376;
1749091562;349.74698;-26.15756;-12.434933;350.94414750276263;
1749091576;349.68292;-26.115088;-12.349855;350.8741411348288;
1749091584;349.66272;-26.068989;-12.265546;350.8476212809633;
1749091594;349.5977;-26.035019;-12.173113;350.77706521433385;
1749091602;349.58258;-26.014479;-12.06341;350.7566957205112;
1749091613;349.5365;-26.000319;-11.947047;350.70573512658723;
1749091622;349.52582;-25.98796;-11.832675;350.69029593501375;
1749091633;349.48105;-25.977282;-11.721525;350.64115079377615;
1749091642;349.4749;-25.967781;-11.615264;350.6307971501996;
1749091654;349.4337;-25.954683;-11.5119;350.58532463591257;
1749091662;349.43677;-25.94755;-11.408674;350.5844944161452;
1749091701;349.42896;-25.945892;-11.30021;350.5730718723565;
1749091705;349.44742;-25.952166;-11.189154;350.58837709635026;
1749091706;349.46643;-25.95958;-11.088853;350.60468990798;
1749091706;349.48666;-25.964127;-11.0071945;350.6226210436062;
1749091713;349.49176;-25.966963;-10.945759;350.6259877409419;
1749091722;349.50546;-25.96951;-10.899918;350.6384063785027;
1749091733;349.50964;-25.973253;-10.8673315;350.64183965430504;
1749091741;349.51425;-25.980963;-10.841563;350.64620640531194;
1749091753;349.50687;-25.99196;-10.809429;350.638667961993;
1749091762;349.50525;-26.00872;-10.760904;350.63680595922705;
1749091773;349.53973;-26.020432;-10.7022085;350.67025207335985;
1749091782;349.53552;-26.01704;-10.637115;350.66382198761966;
1749091792;349.55032;-26.002636;-10.568083;350.6754198690213;
1749091802;349.5393;-25.980984;-10.505649;350.6609574152523;
1749091813;349.5746;-25.95793;-10.450833;350.6927779088235;
1749091822;349.55664;-25.937975;-10.392864;350.67169143707883;
1749091833;349.61264;-25.919106;-10.338532;350.72451240070853;
1749091842;349.5935;-25.89776;-10.2941675;350.7025566163327;
1749091854;349.6797;-25.874994;-10.259616;350.78577351049887;
1749091862;349.66104;-25.855778;-10.235014;350.76505032318516;
1749091874;349.7636;-25.83819;-10.211351;350.8653120950767;
1749091882;349.75754;-25.822037;-10.191899;350.85750336861105;
1749091894;349.86047;-25.807026;-10.1746235;350.9585111662292;
1749091902;349.86157;-25.790512;-10.157972;350.95791010284245;
1749091914;349.96783;-25.772402;-10.14901;351.0622512582414;
1749091922;349.9652;-25.756117;-10.146822;351.05837653484315;
1749091934;350.08817;-25.74513;-10.141877;351.1800006982838;
1749091944;350.0846;-25.739607;-10.133593;351.1757971801672;
1749091954;350.20572;-25.74213;-10.126908;351.29653735739436;
1749091963;350.2135;-25.752693;-10.112301;351.3046485616635;
1749091975;350.31015;-25.765682;-10.091605;351.4013548226266;
1749091983;350.31937;-25.777514;-10.067218;351.4107106943538;
1749091993;350.40067;-25.783453;-10.042311;351.4914802429353;
1749092004;350.3991;-25.786459;-10.015625;351.4893877756669;
1749092014;350.48343;-25.789621;-9.991552;351.57299335994077;
1749092022;350.48535;-25.799555;-9.978087;351.57525640709434;
1749092033;350.56854;-25.81888;-9.974841;351.65951572629587;
1749092044;350.57217;-25.841002;-9.976449;351.6648064958035;
1749092060;350.65152;-25.85828;-9.9745245;351.7451209522556;
1749092065;350.64774;-25.868061;-9.969236;351.74191779708354;
1749092073;350.7203;-25.869211;-9.959563;351.81407349199407;
1749092082;350.7093;-25.863623;-9.943984;351.802239295054;
1749092093;350.77527;-25.851393;-9.920695;351.8664572417378;
1749092102;350.76962;-25.836596;-9.891943;351.85893265043626;
1749092113;350.8162;-25.830132;-9.869262;351.9042469642742;
1749092125;350.80942;-25.834948;-9.862728;351.8976633724657;
1749092133;350.86636;-25.855623;-9.864973;351.95601429804884;
1749092143;350.85052;-25.888706;-9.875461;351.94295085409317;
1749092155;350.92456;-25.933802;-9.895022;352.0206254344117;
1749092167;350.92828;-25.987665;-9.935993;352.0294632508465;
1749092183;351.02225;-26.049986;-10.016685;352.1300240583683;
1749092184;351.01395;-26.11748;-10.157521;352.13078341004575;
1749092194;351.0859;-26.189587;-10.353309;352.21357090632927;
1749092204;351.06784;-26.263521;-10.595664;352.2082754968502;
1749092213;351.12845;-26.328197;-10.861793;352.28162009482435;
1749092222;351.13574;-26.366974;-11.116139;352.2997236848473;
1749092233;351.22513;-26.379744;-11.340259;352.3969111625939;
1749092243;351.27756;-26.362473;-11.535022;352.4541941864205;
1749092262;351.34674;-26.309038;-11.700318;352.52460219767687;
1749092264;351.38446;-26.238016;-11.812091;352.5606302841528;
1749092273;351.42886;-26.174812;-11.856375;352.6016740467377;
1749092282;351.4167;-26.135761;-11.865203;352.5869381683483;
1749092293;351.41324;-26.119425;-11.88178;352.58284877737793;
1749092305;351.37878;-26.131502;-11.935949;352.55123352867605;
1749092314;351.37357;-26.185528;-12.026885;352.55313143435916;
1749092326;351.3361;-26.274542;-12.156044;352.52683465775107;
1749092335;351.36743;-26.38895;-12.306127;352.57182171857437;
1749092345;351.33963;-26.504932;-12.462367;352.558304018137;
1749092355;351.4404;-26.599035;-12.617475;352.6713250461542;
1749092362;351.4314;-26.662676;-12.769158;352.67261890335425;
1749092373;351.51453;-26.696856;-12.913064;352.76327978559;
1749092383;351.51154;-26.710869;-13.055825;352.7666151687937;
1749092393;351.57605;-26.706839;-13.198091;352.8358876573402;
1749092402;351.56198;-26.692366;-13.321215;352.8254012544076;
1749092414;351.6372;-26.687729;-13.424504;352.9039211411156;
1749092423;351.62463;-26.701077;-13.526677;352.8963042710696;
1749092433;351.64786;-26.723772;-13.652444;352.9260050175924;
1749092442;351.6069;-26.755037;-13.810998;352.8937375144077;
1749092453;351.6205;-26.792284;-13.983963;352.9169357096291;
1749092463;351.59674;-26.841808;-14.140201;352.90323891126883;
1749092474;351.64212;-26.893852;-14.2539215;352.95698658415535;
1749092483;351.65585;-26.933205;-14.3196745;352.97633026934733;
1749092493;351.69464;-26.941582;-14.326626;353.01589428976513;
1749092503;351.72214;-26.923176;-14.284088;353.04015995755236;
1749092513;351.75668;-26.895857;-14.230384;353.0703261708328;
1749092528;351.77878;-26.888767;-14.195869;353.09040941082566;
1749092533;351.75748;-26.918676;-14.207662;353.07194065258835;
1749092543;351.74774;-26.99326;-14.275854;353.0706867692961;
1749092553;351.7824;-27.088497;-14.373014;353.1164595068785;
1749092562;351.78125;-27.186523;-14.464959;353.12659196276195;
1749092575;351.804;-27.269295;-14.54149;353.1587654814637;
1749092582;351.82513;-27.334557;-14.600011;353.18729225459543;
1749092594;351.84662;-27.387999;-14.665656;353.21555315685174;
1749092602;351.83762;-27.422096;-14.751719;353.2128148857858;
1749092613;351.8283;-27.468386;-14.852151;353.2113488889993;
1749092625;351.8126;-27.532005;-14.957906;353.20511015053125;
1749092634;351.7997;-27.595654;-15.061512;353.2016525997521;
1749092642;351.7977;-27.644835;-15.154122;353.2074536354789;
1749092654;351.78302;-27.6669;-15.221461;353.19745674167024;
1749092664;351.70508;-27.626957;-15.244845;353.1177084764158;
1749092674;351.6959;-27.596432;-15.209188;353.10463483590485;
1749092681;351.6959;-27.596432;-15.209188;353.10463483590485;
1749092694;351.5926;-27.591915;-15.132165;352.99808182650537;
1749092701;351.5926;-27.591915;-15.132165;352.99808182650537;
1749092714;351.46887;-27.642555;-15.161011;352.88005772659193;
1749092722;351.46887;-27.642555;-15.161011;352.88005772659193;
1749092734;351.29352;-27.743757;-15.31054;352.71981025014463;
1749092742;351.29352;-27.743757;-15.31054;352.71981025014463;
1749092754;351.07892;-27.906464;-15.5242605;352.52826888297216;
1749092763;350.90366;-27.974062;-15.638388;352.36413425657344;
1749092779;350.9209;-28.021935;-15.718085;352.3886547251156;
1749092785;350.7716;-28.053326;-15.740451;352.2434822131838;
1749092798;350.80817;-28.051506;-15.702065;352.2780315844857;
1749092806;350.6451;-28.029182;-15.60501;352.10956438748156;
1749092813;350.67322;-28.011219;-15.497423;352.1313734670571;
1749092823;350.49335;-27.99938;-15.421252;351.94796023932895;
1749092833;350.50656;-28.010153;-15.391579;351.96067799506255;
1749092848;350.3165;-28.04706;-15.409248;351.77511444516784;
1749092860;350.31418;-28.113138;-15.478452;351.78111751794756;
1749092865;350.16394;-28.197392;-15.579877;351.64273151797823;
1749092873;350.13193;-28.285086;-15.707511;351.6235751766816;
1749092882;349.94055;-28.364344;-15.847919;351.44570321204964;
1749092892;349.8658;-28.42943;-15.985227;351.3827655323199;
1749092903;349.6743;-28.467033;-16.11122;351.20086786953954;
1749092913;349.54327;-28.457788;-16.190786;351.0733365469663;
1749092922;349.32544;-28.400488;-16.164644;350.85060365562055;
1749092933;349.1876;-28.290766;-15.962984;350.6952500144803;
1749092945;348.99728;-28.115797;-15.572741;350.4741252733655;
1749092952;348.8928;-27.857841;-15.009428;350.3248812116248;
1749092963;348.73306;-27.516193;-14.294192;350.1088600471181;
1749092972;348.6379;-27.099401;-13.471928;349.9489419066917;
1749092982;348.4877;-26.642357;-12.594206;349.7314787649151;
1749092993;348.41644;-26.18824;-11.7440605;349.59657397826555;
1749093002;348.42667;-25.77196;-11.016544;349.55214188521717;
1749093013;348.3568;-25.433727;-10.468159;349.44087477621053;
1749093025;348.3312;-25.204931;-10.130355;349.3888129458794;
1749093035;348.1842;-25.094088;-10.003784;349.23062425317784;
1749093043;348.093;-25.090143;-10.061268;349.1410489150817;
1749093053;347.918;-25.17164;-10.231476;348.97740441502435;
1749093062;347.88702;-25.310595;-10.447748;348.962982356257;
1749093073;347.72064;-25.473412;-10.615644;348.8140357541184;
1749093083;347.65277;-25.676868;-10.518476;348.75835342197934;
1749093093;347.24362;-26.000656;-10.076608;348.3614574559934;
1749093102;346.6784;-26.309498;-9.641258;347.80894260810817;
1749093114;346.264;-26.56061;-9.278822;347.4051316084279;
1749093122;345.76447;-26.746;-8.969498;346.91334062917946;
1749093132;345.52036;-26.799753;-8.728563;346.66804072912527;
1749093144;345.22568;-26.74079;-8.510248;346.3643494085421;
1749093152;345.05957;-26.631413;-8.27936;346.1847584676499;
1749093162;344.88507;-26.496084;-8.004565;345.9939704742852;
1749093172;344.80148;-26.30131;-7.6852565;345.8885439538296;
1749093182;344.7301;-26.066694;-7.355178;345.792444665662;
1749093192;344.74152;-25.802189;-7.059321;345.7778186851817;
1749093203;344.76044;-25.494873;-6.802495;345.7687397935938;
1749093212;344.821;-25.187681;-6.513833;345.8010718316198;
1749093221;344.83517;-24.910164;-6.1677694;345.78874368386874;
1749093232;344.89447;-24.65866;-5.774225;345.82305709519227;
1749093241;344.93106;-24.49092;-5.3212786;345.84036465263034;
1749093252;345.03604;-24.429518;-4.8534102;345.9338472837081;
1749093263;345.09543;-24.435724;-4.393858;345.98737745249133;
1749093272;345.23685;-24.458517;-3.901786;346.1241445869941;
1749093282;345.37152;-24.482527;-3.3934994;346.2548158086068;
1749093292;345.45987;-24.50933;-2.9337711;346.34063530315296;
1749093302;345.52832;-24.541027;-2.5549278;346.40815493255815;
1749093312;345.52258;-24.599743;-2.2377641;346.40440283990716;
1749093323;345.5157;-24.668375;-2.0070875;346.40099079296346;
1749093334;345.50967;-24.742023;-1.8390512;346.39931396049695;
1749093342;345.50195;-24.828379;-1.7046297;346.3971041495772;
1749093352;345.5066;-24.925346;-1.5977763;346.408185174754;
1749093361;345.54898;-25.030941;-1.4898336;346.4575957944576;
1749093372;345.56836;-25.135372;-1.3541687;346.4839270551907;
1749093384;345.62802;-25.229645;-1.1957059;346.5496988232846;
1749093392;345.6212;-25.294062;-1.0409074;346.5470772832251;
1749093401;345.71515;-25.318966;-0.92216283;346.64227182487116;
1749093412;345.68472;-25.305393;-0.84875154;346.6107484655847;
1749093421;345.78586;-25.271374;-0.80403453;346.7090257004874;
1749093432;345.73734;-25.222275;-0.7753326;346.65699075669426;
1749093443;345.86105;-25.168568;-0.7612901;346.77644768015466;
1749093453;345.8412;-25.10711;-0.76927817;346.7521953941805;
1749093462;346.07;-25.03026;-0.8012024;346.9749354271468;
1749093472;346.0816;-24.936245;-0.8582242;346.97986900056765;
1749093481;346.38376;-24.83259;-0.9321725;347.2740051608601;
1749093492;346.39703;-24.729887;-1.0154444;347.28015115896267;
1749093503;346.76718;-24.63172;-1.1000752;347.64264679283724;
1749093512;346.78705;-24.537857;-1.2010002;347.6561602023736;
1749093522;347.21835;-24.446941;-1.3218077;348.08042887657007;
1749093534;347.26135;-24.350277;-1.4569317;348.11708605678064;
1749093542;347.73163;-24.217642;-1.6021731;348.5776047548813;
1749093553;347.78784;-24.039654;-1.7319468;348.6219836661279;
1749093564;348.26257;-23.817078;-1.7503829;349.0804161632688;
1749093573;348.28818;-23.506088;-1.5995274;349.08415783644404;
1749093582;349.3415;-23.084694;-1.383017;350.106117700563;
1749093592;349.3622;-22.564644;-1.187235;350.0921716432456;
1749093602;350.62854;-21.984638;-1.026614;351.31858952172405;
1749093613;350.74756;-21.391026;-0.8994387;351.40039104019814;
1749093624;351.9754;-20.8119;-0.7645227;352.59098661392403;
1749093632;352.17148;-20.253836;-0.6497629;352.75400799914564;
1749093642;353.12225;-19.722097;-0.54946274;353.67299712306686;
1749093652;353.30142;-19.22021;-0.4477061;353.82412545054666;
1749093662;353.85938;-18.724567;-0.34445035;354.35460395803204;
1749093672;353.94962;-18.231337;-0.22720712;354.41890970214405;
1749093682;354.32428;-17.733822;-0.09104187;354.76780007769815;
1749093692;354.42087;-17.219147;0.056559063;354.8389125083332;
1749093702;354.71176;-16.671623;0.19575419;355.1033864513878;
1749093713;354.84296;-16.091532;0.3378591;355.207791793899;
1749093722;355.1987;-15.505945;0.49798706;355.53733808819305;
1749093732;355.29877;-14.963319;0.6730842;355.6143527026914;
1749093744;355.572;-14.50084;0.8742715;355.86862671061584;
1749093753;355.63644;-14.142396;1.078979;355.9191648757289;
1749093762;355.8874;-13.8961115;1.2186618;356.16066811113217;
1749093774;355.93848;-13.7599325;1.2582259;356.2065664372201;
1749093782;356.11182;-13.732707;1.2295634;356.37862569520126;
1749093794;356.14957;-13.801139;1.1716982;356.4187959918622;
1749093804;356.25653;-13.943227;1.0750228;356.5309032305979;
1749093814;356.2828;-14.1566725;0.9123007;356.5651157951017;
1749093823;356.3772;-14.459155;0.6783466;356.6710445924686;
1749093833;356.3582;-14.852924;0.4421948;356.6678577922874;
1749093843;356.5305;-15.285233;0.25821745;356.8580855379443;
1749093853;356.5418;-15.679849;0.13125406;356.88644763490333;
1749093865;356.71347;-15.984955;0.10098426;357.07146201532;
1749093874;356.78235;-16.17956;0.18966345;357.14907030609083;
1749093882;356.93423;-16.267942;0.37682125;357.304961885874;
1749093894;356.9908;-16.268639;0.62811524;357.3618678043229;
1749093903;357.1911;-16.211155;0.9057579;357.55993151975105;
1749093913;357.18494;-16.121824;1.1938765;357.5505802512105;
1749093926;357.25293;-15.928572;1.718559;357.61198052059945;
1749093934;357.27347;-15.862572;1.9271454;357.6306279109891;
1749093941;357.27347;-15.862572;1.9271454;357.6306279109891;
1749093955;357.2331;-15.843918;2.2303247;357.59122892282625;
1749093956;357.2331;-15.843918;2.2303247;357.59122892282625;
1749093961;357.2331;-15.843918;2.2303247;357.59122892282625;
1749093975;357.23068;-15.995762;2.3316395;357.5962267270826;
1749093984;357.18958;-16.130049;2.285461;357.5608961179807;
1749093993;357.17065;-16.272524;2.2026637;357.547931124601;
1749094002;357.17065;-16.272524;2.2026637;357.547931124601;
1749094014;357.1177;-16.496037;2.0708725;357.5044949177823;
1749094022;357.1177;-16.496037;2.0708725;357.5044949177823;
1749094034;357.14462;-16.549963;2.0913298;357.53399353419627;
1749094043;357.15533;-16.511145;2.139594;357.54318438805797;
1749094054;357.1983;-16.437305;2.2028375;357.58308870599933;
1749094062;357.2259;-16.346935;2.2772765;357.60697079727356;
1749094074;357.2926;-16.261015;2.3614404;357.67024035670033;
1749094082;357.314;-16.19442;2.451286;357.68919374107196;
1749094093;357.39035;-16.158829;2.539712;357.76447615761253;
1749094105;357.40747;-16.15803;2.6136508;357.78207501780275;
1749094114;357.47287;-16.198036;2.6654305;357.8495963275689;
1749094122;357.49063;-16.271088;2.6859024;357.87080586639274;
1749094135;357.55603;-16.370995;2.678366;357.94063459207916;
1749094142;357.5632;-16.489227;2.6568034;357.95306476824703;
1749094154;357.67422;-16.615423;2.6306343;358.06960726878737;
1749094163;357.67;-16.728704;2.607352;358.0705047090627;
1749094173;357.78864;-16.810938;2.5983863;358.1927787666963;
1749094182;357.78452;-16.851929;2.6019406;358.19061551448647;
1749094194;357.89294;-16.850964;2.6091166;358.2989283665762;
1749094202;357.88538;-16.817047;2.6187544;358.28984535740307;
1749094213;357.99524;-16.771715;2.638128;358.3976025036637;
1749094223;357.98416;-16.737768;2.6614156;358.3851221982491;
1749094234;358.09808;-16.726877;2.681373;358.498557298889;
1749094242;358.08582;-16.741852;2.6941757;358.48709795008125;
1749094254;358.21008;-16.778383;2.697555;358.6129592143113;
1749094262;358.18964;-16.814852;2.703177;358.59428593943727;
1749094274;358.3216;-16.843487;2.7241828;358.727597372628;
1749094285;358.29846;-16.859138;2.7600737;358.7055008878244;
1749094294;358.41342;-16.862288;2.8089497;358.8208574540513;
1749094302;358.39398;-16.862022;2.8681242;358.80189551105474;
1749094314;358.48865;-16.858425;2.925007;358.89674353934964;
1749094323;358.4887;-16.854092;2.9647293;358.8969269083081;
1749094334;358.57773;-16.853313;2.9779356;358.98591822884157;
1749094343;358.584;-16.859182;2.9743185;358.99244328651133;
1749094354;358.6882;-16.872036;2.957991;359.09698062435734;
1749094362;358.6989;-16.892675;2.9317791;359.1084354487503;
1749094374;358.80258;-16.923168;2.9022892;359.21318127366493;
1749094382;358.8173;-16.960707;2.8705974;359.22938967788184;
1749094394;358.922;-17.005415;2.825852;359.3357337616949;
1749094403;358.9261;-17.055227;2.7709162;359.3417513610214;
1749094414;359.04678;-17.100048;2.7236233;359.4640767467697;
1749094422;359.05496;-17.1361;2.6915047;359.4737208721055;
1749094434;359.15295;-17.153337;2.6721435;359.5722761521003;
1749094442;359.1662;-17.157143;2.662407;359.5856146519909;
1749094454;359.24472;-17.150316;2.6588116;359.66369264034927;
1749094464;359.24387;-17.141937;2.6637278;359.66247607059984;
1749094474;359.32547;-17.136772;2.6743307;359.7438177013455;
1749094482;359.31754;-17.130892;2.678715;359.73564490341056;
1749094494;359.40198;-17.12235;2.6820197;359.81960700045516;
1749094502;359.39923;-17.11429;2.6863065;359.816512107661;
1749094514;359.47684;-17.109789;2.6846561;359.8938019859359;
1749094525;359.47766;-17.109344;2.6813948;359.8945795650327;
1749094535;359.5523;-17.116726;2.6771705;359.9694585794221;
1749094545;359.54834;-17.136705;2.6705093;359.96639701011;
1749094555;359.63202;-17.164217;2.660291;360.0512138765194;
1749094563;359.62863;-17.195791;2.645489;360.0492278967457;
1749094575;359.7107;-17.224754;2.6267502;360.1324407710399;
1749094585;359.7148;-17.244425;2.6073358;360.13735608266416;
1749094596;359.78568;-17.254684;2.5868795;360.20847859434747;
1749094604;359.79477;-17.259504;2.5685716;360.21766205389355;
1749094615;359.85376;-17.262764;2.5542784;360.2766378431912;
1749094623;359.8552;-17.263594;2.5440805;360.2780380857886;
1749094633;359.91006;-17.262686;2.5332925;360.3327247997813;
1749094644;359.9142;-17.265337;2.5331407;360.33699627615664;
1749094655;359.94998;-17.27392;2.5506184;360.37325550978863;
1749094662;359.93552;-17.286774;2.5776207;360.3596156737152;
1749094674;359.97314;-17.306843;2.6156487;360.3984367473339;
1749094682;359.9561;-17.349968;2.671772;360.3838828664449;
1749094694;359.96658;-17.415827;2.756677;360.3981844414927;
1749094703;359.94705;-17.478905;2.7975307;360.38204524226154;
1749094713;359.97818;-17.52305;2.8019083;360.41531322748847;
1749094722;359.98813;-17.54843;2.797823;360.42645292549605;
1749094733;359.99542;-17.552576;2.8021772;360.43397349035456;
1749094742;0.00994403;-17.536371;2.8083372;17.759819051219534;
1749094754;0.0061513265;-17.506115;2.8072646;17.729772507494935;
1749094763;0.020305056;-17.473564;2.7855265;17.694208495671536;
1749094773;0.034880243;-17.45198;2.7413661;17.666010628636858;
1749094782;0.05302415;-17.444313;2.6832478;17.649552065256337;
1749094794;0.07709881;-17.45059;2.6256735;17.64718679390034;
1749094802;0.087153845;-17.468004;2.5707555;17.656374237166602;
1749094814;0.13059947;-17.480045;2.4978924;17.658100319756613;
1749094824;0.16726865;-17.478834;2.4041886;17.644198624607522;
1749094834;0.1927001;-17.462566;2.3250766;17.61772797098462;
1749094843;0.21776138;-17.426313;2.2962875;17.578303535748606;
1749094854;0.2405848;-17.372007;2.3350763;17.52989168787279;
1749094862;0.23913124;-17.313574;2.4150846;17.482838911263755;
1749094874;0.20439325;-17.244602;2.5010395;17.426223927167943;
1749094884;0.18596512;-17.18017;2.570778;17.372441545873837;
1749094894;0.17650755;-17.131273;2.6221108;17.331680357954138;
1749094902;0.18591213;-17.101162;2.6532326;17.306760144156858;
1749094914;0.2132884;-17.094059;2.6581476;17.300811924081263;
1749094922;0.2384819;-17.10783;2.6303554;17.31050235728762;
1749094935;0.24811591;-17.137403;2.5668576;17.330346725878478;
1749094944;0.2814161;-17.175081;2.4693651;17.353972892662217;
1749094954;0.31689194;-17.210262;2.361173;17.37436866245524;
1749094962;0.3459093;-17.250809;2.2674065;17.402620109143776;
1749094974;0.3731614;-17.292803;2.1987255;17.43601652156175;
1749094982;0.36930564;-17.336725;2.1484704;17.473246796079668;
1749094994;0.40683398;-17.379206;2.1133633;17.511956174888887;
1749095004;0.40577266;-17.413633;2.0970356;17.544139656286912;
1749095014;0.42251346;-17.432411;2.100624;17.5636015439726;
1749095022;0.43795863;-17.43573;2.1221793;17.569864329719007;
1749095034;0.46221304;-17.432234;2.155045;17.571016920122055;
1749095043;0.47205028;-17.423634;2.19361;17.567520117051853;
1749095054;0.45706072;-17.41432;2.2340088;17.562979262116542;
1749095065;0.4571112;-17.410084;2.260251;17.562138319408056;
1749095074;0.46749738;-17.406887;2.2683022;17.560280909078642;
1749095082;0.46529934;-17.402203;2.2687557;17.555637593982848;
1749095094;0.48909417;-17.394218;2.2685962;17.548349694615347;
1749095102;0.48015708;-17.380075;2.2619543;17.533225913101237;
1749095115;0.5150768;-17.362291;2.2530215;17.515438057552142;
1749095125;0.50442976;-17.344124;2.253963;17.497240649477792;
1749095134;0.53390115;-17.325867;2.259813;17.48077407997393;
1749095142;0.5336631;-17.316528;2.2674055;17.472494873734405;
1749095154;0.551291;-17.316305;2.267389;17.47281887137789;
1749095163;0.5546741;-17.326311;2.2637277;17.482367774897345;
1749095179;0.57835764;-17.367752;2.2821348;17.52659261853929;
1749095181;0.57835764;-17.367752;2.2821348;17.52659261853929;
1749095185;0.57297254;-17.398275;2.3022053;17.559283382838682;
1749095195;0.5860104;-17.420609;2.3199306;17.58417149547683;
1749095201;0.5860104;-17.420609;2.3199306;17.58417149547683;
1749095215;0.6246082;-17.44934;2.3749535;17.621294919988333;
1749095216;0.6246082;-17.44934;2.3749535;17.621294919988333;
1749095221;0.6246082;-17.44934;2.3749535;17.621294919988333;
1749095234;0.64510703;-17.4604;2.4253385;17.6398408471231;
1749095244;0.6317239;-17.46916;2.4255273;17.648054051642017;
1749095254;0.6442503;-17.481165;2.414406;17.65886583084984;
1749095263;0.6442503;-17.481165;2.414406;17.65886583084984;
1749095274;0.65252864;-17.532282;2.3629816;17.702835457612572;
1749095282;0.6641012;-17.564924;2.327214;17.730863457729235;
1749095294;0.6640464;-17.602276;2.3010151;17.764451675784024;
1749095305;0.67534316;-17.632843;2.2935143;17.794197056442698;
1749095317;0.6740618;-17.656624;2.311332;17.820016281464724;
1749095324;0.6594392;-17.674152;2.3507617;17.84198987108447;
1749095335;0.6655358;-17.688719;2.3980157;17.862927812223877;
1749095349;0.6719168;-17.700775;2.4467444;17.881707729237505;
1749095350;0.6719168;-17.700775;2.4467444;17.881707729237505;
1749095354;0.681664;-17.714245;2.4895992;17.901319517062237;
1749095367;0.69215983;-17.728394;2.5166435;17.91950105025268;
1749095375;0.70962775;-17.752821;2.529567;17.946167644044785;
1749095383;0.6898767;-17.78228;2.5280766;17.974331204218714;
1749095394;0.7061527;-17.815353;2.5137327;18.00567466345522;
1749095404;0.7011567;-17.84262;2.4891298;18.029046190445474;
1749095417;0.7192562;-17.861446;2.4598632;18.044376498346956;
1749095418;0.7192562;-17.861446;2.4598632;18.044376498346956;
1749095429;0.7187928;-17.87344;2.427363;18.051831034776416;
1749095439;0.7439561;-17.884691;2.392686;18.05936314282875;
1749095444;0.7378056;-17.89751;2.362588;18.06784607948406;
1749095455;0.75481397;-17.907682;2.344304;18.076243951201224;
1749095465;0.7464641;-17.912615;2.3325882;18.079268405543257;
1749095477;0.75727016;-17.90928;2.3240316;18.075312414387408;
1749095485;0.7539332;-17.905937;2.3217752;18.071569996873553;
1749095494;0.753224;-17.9058;2.3338616;18.072961162108065;
1749095503;0.75505275;-17.90912;2.3608878;18.07983669486392;
1749095514;0.76109403;-17.913095;2.39957;18.089117991931666;
1749095523;0.74301827;-17.91551;2.440665;18.09625449499492;
1749095534;0.74264425;-17.91656;2.4782765;18.102388491857916;
1749095548;0.7373283;-17.922504;2.507819;18.112122285828434;
1749095552;0.7373283;-17.922504;2.507819;18.112122285828434;
1749095555;0.72831804;-17.937002;2.5290968;18.129060242427517;
1749095565;0.7421133;-17.958214;2.5428052;18.15252140902047;
1749095574;0.7347159;-17.980362;2.5481198;18.174876541313278;
1749095584;0.7559393;-17.9993;2.5469313;18.194315148149137;
1749095594;0.75538623;-18.018196;2.5454714;18.212781887297826;
1749095604;0.7701035;-18.032831;2.547988;18.228228184718457;
1749095614;0.7638935;-18.043407;2.5527902;18.23910148377181;
1749095622;0.7851787;-18.050808;2.5588112;18.24816944436197;
1749095640;0.78511006;-18.050291;2.5656834;18.248620121278435;
1749095641;0.78511006;-18.050291;2.5656834;18.248620121278435;
1749095656;0.79727745;-18.03599;2.5912275;18.238613931010338;
1749095665;0.80156916;-18.027086;2.6081247;18.232407046193966;
1749095674;0.8018294;-18.017487;2.6225243;18.224993450390492;
1749095682;0.80826885;-18.009335;2.6389635;18.219592699059554;
1749095693;0.80651355;-18.002151;2.6565833;18.214976179608605;
1749095703;0.8166759;-17.999453;2.6747472;18.215420001706097;
1749095715;0.8159436;-18.00378;2.6896245;18.221853681668197;
1749095725;0.82704115;-18.0142;2.7062132;18.235103409820134;
1749095734;0.82238036;-18.028849;2.7205245;18.25149163390227;
1749095742;0.8398258;-18.048859;2.7274768;18.27308774061086;
1749095754;0.8337145;-18.072132;2.7260685;18.29558658022001;
1749095766;0.8660947;-18.097658;2.7167745;18.32092285641201;
1749095774;0.8547437;-18.119244;2.7101564;18.34073401436506;
1749095786;0.8900963;-18.13391;2.718315;18.358109136092953;
1749095794;0.87758076;-18.13756;2.741473;18.36455555606727;
1749095803;0.8976362;-18.13367;2.7737582;18.3665321178941;
1749095817;0.89201427;-18.130262;2.8045576;18.367570507523645;
1749095823;0.90551674;-18.128986;2.8353236;18.37169471561447;
1749095834;0.89286226;-18.1387;2.872911;18.386497104864308;
1749095848;0.8992595;-18.159182;2.924068;18.41506767225962;
1749095856;0.889458;-18.192062;2.9929123;18.45805496491717;
1749095865;0.86300266;-18.243757;3.0815194;18.522289645384536;
1749095876;0.8601932;-18.326504;3.2105262;18.62547048593849;
1749095882;0.83093387;-18.410133;3.3437552;18.729766699940143;
1749095893;0.8446099;-18.440926;3.328701;18.757967728479166;
1749095904;0.8630346;-18.435051;3.2447004;18.73830338322495;
1749095913;0.90496176;-18.424152;3.1493368;18.71327520450557;
1749095921;0.91944325;-18.411917;3.0605369;18.687186506926448;
1749095932;0.93963397;-18.394058;2.9941127;18.65982317995831;
1749095942;0.9588178;-18.367805;2.9392898;18.626192157780746;
1749095952;0.9677903;-18.33374;2.8852262;18.584595222094833;
1749095963;0.9916223;-18.295534;2.8417087;18.54144525642575;
1749095973;0.9848578;-18.268877;2.8214788;18.511687002079356;
1749095982;0.997145;-18.265404;2.833825;18.51080325022522;
1749095993;1.0074052;-18.266176;2.8562562;18.515568010284134;
1749096002;0.993676;-18.26389;2.85987;18.513127801790503;
1749096013;1.00331;-18.261578;2.859374;18.511290270811635;
1749096025;1.0072377;-18.26105;2.8635166;18.511622709411967;
1749096036;0.9978103;-18.257647;2.872721;18.50918174941982;
1749096043;1.025676;-18.249565;2.882347;18.504230958359646;
1749096053;1.011534;-18.227842;2.8919117;18.48352213638993;
1749096066;1.0514295;-18.194817;2.895405;18.45373201177184;
1749096075;1.0428363;-18.150095;2.883456;18.407275029782454;
1749096085;1.0929565;-18.109875;2.8639886;18.367486150547403;
1749096093;1.0910981;-18.078743;2.839178;18.33282234055571;
1749096103;1.1418664;-18.059385;2.809443;18.312242526111294;
1749096114;1.1522342;-18.053463;2.7804914;18.302630998078392;
1749096123;1.190824;-18.070662;2.7519338;18.317751233520614;
1749096134;1.2054969;-18.108963;2.7242658;18.352367378976133;
1749096144;1.2367462;-18.158052;2.701198;18.399480451907948;
1749096154;1.2476884;-18.207375;2.6884553;18.447032480599628;
1749096162;1.2700835;-18.250898;2.6900637;18.491750755327995;
1749096178;1.2887971;-18.282234;2.6896508;18.52391174675999;
1749096183;1.3023247;-18.300844;2.6840973;18.54241963503392;
1749096193;1.3186078;-18.306541;2.680156;18.54862319130007;
1749096205;1.3355536;-18.306993;2.6817272;18.550508742413957;
1749096214;1.3504335;-18.312355;2.6810377;18.556777216903875;
1749096223;1.3733195;-18.32286;2.6704063;18.56729116966883;
1749096233;1.379219;-18.330406;2.6454298;18.571600236487043;
1749096243;1.4245683;-18.329826;2.616821;18.570397988285364;
1749096254;1.423188;-18.318066;2.5936296;18.555427976971753;
1749096265;1.4698334;-18.302063;2.5813463;18.541555176352343;
1749096274;1.4661161;-18.288597;2.5725121;18.526740113510733;
1749096282;1.5113648;-18.280027;2.5555246;18.51956616370263;
1749096293;1.5018448;-18.27562;2.5339403;18.511473727780153;
1749096303;1.554703;-18.265635;2.5190108;18.50394341107975;
1749096313;1.5462133;-18.258503;2.5284665;18.497482219933005;
1749096325;1.5716742;-18.255142;2.5616345;18.500874265143466;
1749096334;1.5617007;-18.257196;2.5881176;18.505741896566988;
1749096343;1.5841119;-18.259686;2.6004307;18.511827725150052;
1749096354;1.5886694;-18.263645;2.6147885;18.518145818771295;
1749096362;1.594658;-18.26962;2.6357644;18.52752643005819;
1749096374;1.6051483;-18.281973;2.6641;18.544661283868102;
1749096384;1.5944803;-18.296015;2.6939638;18.56189551648581;
1749096395;1.5999857;-18.306658;2.71765;18.57631004694604;
1749096403;1.5971;-18.313328;2.7309744;18.58458836132136;
1749096416;1.6110345;-18.341715;2.7138093;18.611251887629408;
1749096423;1.6110345;-18.341715;2.7138093;18.611251887629408;
1749096434;1.6359446;-18.389393;2.6613972;18.652858209934898;
1749096445;1.633928;-18.412712;2.6366;18.6721543198197;
1749096454;1.6591277;-18.435747;2.6155367;18.694130356735897;
1749096462;1.6591277;-18.435747;2.6155367;18.694130356735897;
1749096474;1.673716;-18.472109;2.5958211;18.728545525801778;
1749096481;1.673716;-18.472109;2.5958211;18.728545525801778;
1749096496;1.6816393;-18.496052;2.5862656;18.75154959210872;
1749096497;1.6816393;-18.496052;2.5862656;18.75154959210872;
1749096506;1.6807137;-18.502722;2.5840213;18.757736487304037;
1749096514;1.6838516;-18.50589;2.5883682;18.76174210322336;
1749096523;1.685502;-18.506311;2.589725;18.76249330670059;
1749096535;1.6830684;-18.507174;2.588835;18.76300237853243;
1749096543;1.6876769;-18.511763;2.5862913;18.767592050140614;
1749096555;1.6827645;-18.514835;2.5831034;18.76974288730164;
1749096564;1.6872147;-18.517073;2.578747;18.771750327717648;
1749096574;1.6793028;-18.517803;2.5717661;18.77080376715028;
1749096582;1.6885304;-18.517105;2.565263;18.770053033237147;
1749096594;1.6736305;-18.518152;2.5606952;18.769127870021705;
1749096602;1.6800969;-18.523472;2.5635464;18.775342991247324;
1749096615;1.6590871;-18.532951;2.5765467;18.784606691185854;
1749096625;1.665374;-18.543694;2.5917122;18.79784597258092;
1749096634;1.6442109;-18.551304;2.605109;18.805342257272837;
1749096643;1.6504856;-18.556393;2.6209178;18.813107713534706;
1749096654;1.6326674;-18.562277;2.6322699;18.818941761339026;
1749096662;1.6258795;-18.571785;2.6409767;18.828952150345646;
1749096675;1.6259953;-18.582598;2.6484246;18.840672815247313;
1749096684;1.6241469;-18.596727;2.655468;18.855440393342665;
1749096694;1.6231266;-18.610392;2.6546948;18.86872069413719;
1749096703;1.6224318;-18.622381;2.6434073;18.87890275236435;
1749096715;1.6305218;-18.63139;2.62884;18.88645228562329;
1749096723;1.6184993;-18.63242;2.6190422;18.88507297782474;
1749096735;1.6331742;-18.628489;2.6184187;18.882371664312554;
1749096744;1.6232893;-18.623102;2.6298711;18.87779715889136;
1749096755;1.6238563;-18.616684;2.64765;18.87400014592905;
1749096763;1.6197431;-18.613684;2.6622045;18.87273486975532;
1749096775;1.6208473;-18.616753;2.67003;18.876961758238032;
1749096784;1.6232537;-18.628456;2.6713927;18.888903321438484;
1749096795;1.6282256;-18.645353;2.6675112;18.905447229568896;
1749096805;1.630527;-18.662931;2.6736076;18.923842260848215;
1749096815;1.6285748;-18.677618;2.6920786;18.940775019135767;
1749096823;1.6295009;-18.686977;2.7081435;18.95237288529523;
1749096835;1.6349031;-18.692432;2.7133756;18.958964744839914;
1749096844;1.6406355;-18.703295;2.7081409;18.969421349431908;
1749096856;1.6537691;-18.723177;2.7029984;18.989431482662294;
1749096866;1.6570448;-18.751822;2.7153525;19.019719950508684;
1749096874;1.6610268;-18.786156;2.7324302;19.05635933392425;
1749096883;1.6634315;-18.834362;2.7484758;19.106394654295368;
1749096894;1.6662142;-18.902771;2.7752273;19.177927619945287;
1749096902;1.6642928;-19.007519;2.8792286;19.296258641960428;
1749096914;1.6651479;-19.07244;2.9465685;19.370413526561027;
1749096923;1.6872933;-19.072304;2.8663983;19.360164493945003;
1749096933;1.7291402;-19.042746;2.763741;19.319791658312095;
1749096942;1.7536551;-19.005587;2.7058103;19.27716365233544;
1749096953;1.7517496;-18.97669;2.703624;19.24819430551408;
1749096962;1.7747768;-18.961014;2.7089074;19.23559346520356;
1749096973;1.7616093;-18.95815;2.6803746;19.227562499357415;
1749096984;1.7681468;-18.96573;2.6351643;19.229388273174457;
1749096993;1.7807627;-18.990198;2.6270943;19.253580581634488;
1749097002;1.7436395;-19.033083;2.6606042;19.297081140734587;
1749097013;1.722163;-19.070293;2.6918108;19.33617806789361;
1749097023;1.711721;-19.081;2.7012706;19.347128687783528;
1749097034;1.719637;-19.068785;2.7023878;19.335940677147285;
1749097047;1.7069918;-19.042377;2.7055833;19.30922427072876;
1749097054;1.7186817;-19.004593;2.7202995;19.275073207636694;
1749097064;1.6825699;-18.94897;2.7485394;19.221056282423945;
1749097074;1.6673163;-18.86858;2.7783856;19.14478196705164;
1749097083;1.6390332;-18.77178;2.7995594;19.050031162748866;
1749097094;1.6650296;-18.66607;2.812533;18.950062514638002;
1749097107;1.6553627;-18.567;2.827248;18.853833180184054;
1749097113;1.661834;-18.49058;2.8428395;18.781505868465693;
1749097122;1.6681561;-18.443037;2.8508594;18.73648204102191;
1749097134;1.666673;-18.43124;2.8543558;18.725270539035197;
1749097142;1.6802666;-18.453907;2.8486776;18.747931731833187;
1749097154;1.6842988;-18.50475;2.829269;18.795408257570166;
1749097165;1.7019321;-18.575327;2.8008108;18.86223433645995;
1749097174;1.7165555;-18.657772;2.7658327;18.93961064595094;
1749097182;1.7490795;-18.738455;2.7297506;19.016847964134524;
1749097194;1.790068;-18.80884;2.6959329;19.08519981851124;
1749097202;1.8204176;-18.859604;2.6662488;19.13393481822382;
1749097214;1.8528342;-18.890726;2.6464238;19.164970280941905;
1749097223;1.8783675;-18.900352;2.635775;19.17547649322652;
1749097234;1.9014955;-18.88646;2.6317358;19.163508684557257;
1749097242;1.9178437;-18.85642;2.6309955;19.135434579660664;
1749097254;1.9063929;-18.822538;2.6300287;19.100767943044865;
1749097262;1.9209934;-18.792913;2.6223664;19.071985134109166;
1749097274;1.918856;-18.771938;2.610038;19.049408795651388;
1749097284;1.9133456;-18.757416;2.600168;19.033192356769703;
1749097293;1.9307892;-18.751259;2.5952642;19.028217251541147;
1749097301;1.8987986;-18.753881;2.592945;19.02726648681263;
1749097312;1.896732;-18.762669;2.5988934;19.036532574395462;
1749097321;1.8668892;-18.772629;2.612447;19.04525521873979;
1749097333;1.8922656;-18.781128;2.6336615;19.059055805466105;
1749097343;1.886586;-18.785591;2.6562114;19.066019494351103;
1749097353;1.8831376;-18.787542;2.6765623;19.07044677635818;
1749097361;1.8844514;-18.786821;2.69103;19.071902281905253;
1749097373;1.8799309;-18.78717;2.6978283;19.07276040674679;
1749097382;1.8870748;-18.793278;2.6976252;19.079452852291965;
1749097393;1.8867862;-18.801195;2.687217;19.085754800540276;
1749097404;1.9095086;-18.811419;2.6573622;19.09390646929413;
1749097414;1.9122093;-18.822098;2.611599;19.098386273461564;
1749097423;1.9373719;-18.836744;2.5683482;19.10949392702094;
1749097435;1.9356095;-18.850979;2.5387661;19.11939646475801;
1749097443;1.9615864;-18.85897;2.5230541;19.127843496304003;
1749097454;1.9841499;-18.862928;2.5126193;19.132699076498014;
1749097464;2.001549;-18.869747;2.5014863;19.13977507940925;
1749097474;1.9905671;-18.883078;2.495343;19.150971628818688;
1749097482;1.9908123;-18.907486;2.4961576;19.17517045595424;
1749097494;1.9914373;-18.940525;2.4968076;19.20789837560372;
1749097502;1.9815786;-18.97142;2.4970186;19.237373604959085;
1749097514;2.0005715;-18.994806;2.492385;19.261799884970152;
1749097526;1.982478;-19.003065;2.492163;19.268045536338043;
1749097535;2.005232;-19.000597;2.5024855;19.269303979774694;
1749097543;1.9857247;-18.987091;2.51955;19.25619023212667;
1749097554;2.001042;-18.968122;2.5397122;19.241724900773523;
1749097562;1.9876977;-18.94788;2.5551248;19.222428393668697;
1749097574;2.00094;-18.926067;2.5625098;19.203287296527947;
1749097584;1.9918085;-18.907482;2.5684562;19.184815597092566;
1749097594;2.0023327;-18.894857;2.57991;19.175007390384167;
1749097602;1.9926194;-18.889862;2.5976648;19.171470556683996;
1749097614;1.9989488;-18.88904;2.6126962;19.17336197707241;
1749097622;2.0009303;-18.89265;2.6215265;19.178330741770278;
1749097634;2.0003657;-18.905542;2.6278675;19.19183896610632;
1749097644;2.0104873;-18.927025;2.631159;19.214508233003894;
1749097654;2.0061965;-18.95722;2.6305664;19.2437235696792;
1749097662;2.0119996;-18.99198;2.6289346;19.27834870401161;
1749097674;2.0157826;-19.028936;2.6243458;19.314527957616054;
1749097682;2.0228045;-19.063795;2.6155064;19.34840807525594;
1749097695;2.0326953;-19.096588;2.5881386;19.378080138541645;
1749097705;2.0480819;-19.102232;2.5782516;19.383944058782788;
1749097713;2.0429282;-19.108866;2.5847456;19.390802344128332;
1749097721;2.0429282;-19.108866;2.5847456;19.390802344128332;
1749097734;2.0486393;-19.127613;2.612567;19.41360375338663;
1749097741;2.0486393;-19.127613;2.612567;19.41360375338663;
1749097755;2.0522366;-19.142933;2.6347265;19.43206984460875;
1749097756;2.0522366;-19.142933;2.6347265;19.43206984460875;
1749097764;2.0533905;-19.151432;2.655988;19.4434573514608;
1749097774;2.0355067;-19.177221;2.6943517;19.472252958712378;
1749097782;2.0355067;-19.177221;2.6943517;19.472252958712378;
1749097794;2.00657;-19.3257;2.9272654;19.648865519037717;
1749097803;1.9727117;-19.388697;3.0838127;19.73127088699993;
1749097813;2.0012522;-19.358656;3.0740294;19.70310195622662;
1749097823;2.0314426;-19.277473;3.0197988;19.61802554635293;
1749097833;2.071001;-19.183456;3.0054712;19.527593372587265;
1749097842;2.0593412;-19.0964;3.0431046;19.446692226451397;
1749097852;2.077709;-19.028992;3.0817456;19.38856765478147;
1749097862;2.080607;-18.99227;3.088928;19.35398415540965;
1749097873;2.079891;-18.999342;3.0729964;19.35831212330955;
1749097884;2.087939;-19.047272;3.0538156;19.403191474765823;
1749097893;2.0617003;-19.140144;3.0465;19.490430883616888;
1749097902;2.049147;-19.247864;3.0461736;19.594857389220703;
1749097913;2.0490677;-19.337452;3.0333529;19.68087791335958;
1749097922;2.0593884;-19.396692;3.011529;19.736819869429603;
1749097933;2.0493624;-19.425713;2.9951751;19.761813423973976;
1749097944;2.0660298;-19.428896;2.996133;19.766822972260535;
1749097954;2.05321;-19.389544;3.0116212;19.72916451072273;
1749097964;2.0553873;-19.32203;3.0370088;19.666948112977074;
1749097974;2.0456316;-19.223988;3.0708334;19.574890174173163;
1749097982;2.0372298;-19.118483;3.1061268;19.47600331950818;
1749097994;2.0157914;-19.009468;3.1408267;19.372353600893508;
1749098004;2.0185595;-18.917105;3.1768415;19.28791733714478;
1749098014;2.0093026;-18.855434;3.2129889;19.23247257782216;
1749098022;2.0011344;-18.830708;3.2415376;19.212174565327555;
1749098034;2.0182843;-18.845186;3.2585673;19.231036811387007;
1749098042;2.0410624;-18.891174;3.2561266;19.278090239965067;
1749098054;2.061881;-18.949387;3.2421963;19.33500563499313;
1749098065;2.0532632;-19.005257;3.2326114;19.38724959180859;
1749098074;2.0788217;-19.046438;3.2301786;19.42993468860477;
1749098082;2.0947008;-19.073298;3.2395523;19.459525890567782;
1749098093;2.126942;-19.091507;3.2600272;19.48428333314239;
1749098102;2.1210074;-19.099352;3.2918193;19.49666611108378;
1749098113;2.151487;-19.101915;3.3309617;19.50916126003101;
1749098124;2.1812367;-19.104427;3.363462;19.52049728016011;
1749098135;2.2048602;-19.095278;3.3766246;19.516470886518828;
1749098142;2.2231119;-19.076649;3.364471;19.498215746480675;
1749098153;2.2495391;-19.063904;3.3201013;19.481168525935914;
1749098162;2.2610188;-19.067986;3.2459688;19.473997836184054;
1749098174;2.2837899;-19.095772;3.1622698;19.4901038197687;
1749098184;2.3161263;-19.146288;3.0746415;19.52941889665697;
1749098193;2.3324616;-19.252903;2.9534144;19.61727063801486;
1749098203;2.3155112;-19.35358;2.8265676;19.695485627841766;
1749098213;2.202533;-19.414875;2.7144966;19.727063034208015;
1749098222;2.052322;-19.416132;2.6457162;19.70274143841185;
1749098234;1.9156634;-19.375227;2.6786668;19.653102615469198;
1749098245;1.8912828;-19.329874;2.7750986;19.619433044808208;
1749098253;1.9107937;-19.293182;2.866974;19.598407054576388;
1749098263;1.9187018;-19.266024;2.9443953;19.58393594036985;
1749098273;1.9182736;-19.263887;3.0228415;19.59374139625573;
1749098283;1.8783388;-19.27668;3.0933795;19.61345316243707;
1749098293;1.8581103;-19.28987;3.171778;19.637000975394386;
1749098305;1.8821201;-19.29742;3.267784;19.662431875504474;
1749098313;1.9195617;-19.29493;3.371408;19.68109279673073;
1749098323;1.951073;-19.293747;3.4711328;19.700358371257174;
1749098334;1.9874775;-19.295597;3.5659173;19.72272545491677;
1749098342;2.0150404;-19.29189;3.6818635;19.743188585521697;
1749098353;2.0414867;-19.284473;3.8138967;19.76371399480382;
1749098365;2.0536485;-19.280674;3.9552102;19.789025973830245;
1749098374;2.0929406;-19.278227;4.097741;19.81973544582073;
1749098383;2.1292372;-19.282095;4.231631;19.855466150757202;
1749098393;2.165232;-19.298174;4.337574;19.897796201155096;
1749098402;2.2012446;-19.322332;4.413341;19.94180497417108;
1749098414;2.2289674;-19.319962;4.4686165;19.95489271586821;
1749098425;2.2627633;-19.286718;4.615127;19.959884795052428;
1749098434;2.3021579;-19.241241;4.7831125;19.960046820278006;
1749098443;2.311743;-19.215382;4.9520936;19.977444223966344;
1749098454;2.3545914;-19.199673;5.121196;20.009951989384636;
1749098463;2.4007857;-19.191448;5.3014565;20.05444830631798;
1749098474;2.4659545;-19.183601;5.5077047;20.110353182708415;
1749098484;2.5097885;-19.17485;5.71164;20.16424456369087;
1749098493;2.5909097;-19.163612;5.8970933;20.217135341596684;
1749098503;2.6449504;-19.144125;6.053959;20.25200489512596;
1749098514;2.7088158;-19.12433;6.168941;20.27642804567797;
1749098522;2.7509358;-19.113726;6.2389226;20.293504172183567;
1749098534;2.797966;-19.127872;6.2791967;20.325659412703143;
1749098544;2.8155951;-19.163792;6.297055;20.36740988561006;
1749098556;2.8607378;-19.217793;6.3019953;20.42602541454224;
1749098565;2.8917005;-19.266832;6.301877;20.47648443174012;
1749098574;2.9412441;-19.295313;6.304003;20.510984057819105;
1749098583;2.9575658;-19.303593;6.324719;20.527492677420245;
1749098594;3.006379;-19.302643;6.3651776;20.546187486433798;
1749098610;3.0421462;-19.310022;6.4233737;20.576475561532703;
1749098613;3.0421462;-19.310022;6.4233737;20.576475561532703;
1749098619;3.0735786;-19.326437;6.48335;20.615331115342723;
1749098630;3.0846312;-19.350927;6.529148;20.654372757873;
1749098635;3.1095264;-19.376564;6.566391;20.69390921272739;
1749098643;3.0999067;-19.402184;6.603774;20.728337590304637;
1749098654;3.129055;-19.417894;6.6482544;20.761620681942585;
1749098665;3.1566005;-19.417013;6.712514;20.785628932393575;
1749098675;3.1821923;-19.402966;6.79436;20.80299858092449;
1749098685;3.208903;-19.3847;6.895123;20.823217914983122;
1749098698;3.2341745;-19.369354;7.01;20.851183943048888;
1749098709;3.302018;-19.361343;7.124475;20.893134855128405;
1749098714;3.3358088;-19.362444;7.235253;20.937543758972797;
1749098727;3.4138136;-19.373316;7.334779;20.994724780005825;
1749098734;3.4541254;-19.38676;7.4202056;21.04369084178408;
1749098743;3.559063;-19.40541;7.499396;21.106345828510204;
1749098755;3.6034908;-19.426271;7.571849;21.158876706102582;
1749098770;3.7271318;-19.450298;7.640846;21.22706150807681;
1749098778;3.7682922;-19.480328;7.7030334;21.284264468231335;
1749098789;3.870001;-19.524542;7.7550063;21.361759429008643;
1749098794;3.9113557;-19.579594;7.810943;21.439916605131724;
1749098804;4.054962;-19.636168;7.8909698;21.54737099671725;
1749098814;4.097732;-19.682371;7.9943943;21.635560589677436;
1749098824;4.2536063;-19.712881;8.117202;21.73890090748347;
1749098835;4.32099;-19.73289;8.249909;21.820148387506404;
1749098849;4.4770427;-19.752224;8.382502;21.919411395527547;
1749098859;4.537767;-19.768879;8.50497;21.993963058129502;
1749098864;4.6594043;-19.782072;8.6137705;22.073456128690996;
1749098875;4.698048;-19.79414;8.705245;22.128283254493056;
1749098883;4.8185043;-19.804476;8.78269;22.193938127019702;
1749098898;4.8540955;-19.815287;8.851297;22.238554190618913;
1749098906;4.959858;-19.828339;8.916573;22.29951725379351;
1749098915;5.0045753;-19.844818;8.980303;22.34968496548236;
1749098924;5.154898;-19.864357;9.040424;22.42531886710006;
1749098935;5.205585;-19.887527;9.096725;22.48026419086608;
1749098944;5.3650007;-19.916365;9.153455;22.56613721613806;
1749098955;5.539445;-19.961039;9.260684;22.691160834682496;
1749098965;5.5731115;-19.967863;9.309091;22.725190787630297;
1749098975;5.7056394;-19.960312;9.353634;22.769691215246265;
1749098982;5.7056394;-19.960312;9.353634;22.769691215246265;
1749098995;5.8906407;-19.917221;9.446495;22.81735331380327;
1749099002;5.8906407;-19.917221;9.446495;22.81735331380327;
1749099019;6.0667415;-19.903873;9.536201;22.889050886890242;
1749099022;6.0667415;-19.903873;9.536201;22.889050886890242;
1749099029;6.0957246;-19.914167;9.560332;22.915756047811392;
1749099035;6.2150555;-19.932129;9.575009;22.96949022406067;
1749099043;6.2150555;-19.932129;9.575009;22.96949022406067;
1749099056;6.3255353;-19.985613;9.602838;23.05757159398072;
1749099063;6.3255353;-19.985613;9.602838;23.05757159398072;
1749099075;6.4350677;-20.003157;9.652476;23.1237252855231;
1749099090;6.4373403;-19.99256;9.688978;23.13045785896808;
1749099098;6.5429497;-19.97429;9.731217;23.162017984672246;
1749099110;6.555501;-19.956108;9.776571;23.168991977542973;
1749099115;6.6943965;-19.944834;9.817956;23.21645100831215;
1749099123;6.705689;-19.942026;9.858862;23.234625653573286;
1749099135;6.850969;-19.946276;9.907064;23.301064665231415;
1749099151;6.8553205;-19.957058;9.955798;23.332327304463053;
1749099155;6.8553205;-19.957058;9.955798;23.332327304463053;
1749099161;7.0130396;-19.971199;10.001489;23.410708898398326;
1749099168;7.0250564;-19.982695;10.040543;23.440819037631123;
1749099175;7.187113;-19.984316;10.072366;23.504893605739845;
1749099183;7.197855;-19.978842;10.098827;23.514879322741088;
1749099195;7.32369;-19.97073;10.124382;23.55779266883276;
1749099206;7.321195;-19.95822;10.154831;23.559520709738695;
1749099215;7.454413;-19.939913;10.191597;23.60163222433015;
1749099227;7.452768;-19.918787;10.229591;23.599711096826937;
1749099236;7.5819397;-19.899265;10.264376;23.63945804928226;
1749099243;7.589995;-19.885033;10.297131;23.644311041258646;
1749099255;7.705701;-19.873762;10.332267;23.687549146677956;
1749099265;7.710615;-19.861517;10.377351;23.698583323619616;
1749099276;7.877222;-19.8472;10.446733;23.77175279948072;
1749099289;7.874848;-19.82809;10.544772;23.79829045241655;
1749099299;8.01963;-19.80972;10.664244;23.884420365060283;
1749099303;8.00456;-19.824862;10.756593;23.93329084085247;
1749099313;8.132785;-19.8723;10.782126;24.027166184555423;
1749099324;8.0764;-19.951181;10.7533;24.06057622388332;
1749099333;8.200818;-20.060871;10.704995;24.17206835219985;
1749099342;8.167935;-20.186642;10.647309;24.24006737773968;
1749099355;8.323116;-20.294294;10.6067295;24.364633370720792;
1749099362;8.300143;-20.3543;10.589944;24.399524571588287;
1749099374;8.471908;-20.344124;10.584669;24.44773637198621;
1749099383;8.476614;-20.256666;10.611171;24.388162186397178;
1749099393;8.583627;-20.115816;10.672001;24.3354948388119;
1749099402;8.553255;-19.967434;10.764267;24.243061555089536;
1749099413;8.677493;-19.826658;10.831413;24.201544933003923;
1749099423;8.624054;-19.706734;10.800187;24.07018283095697;
1749099434;8.758809;-19.62882;10.667581;23.99592889798899;
1749099443;8.725025;-19.605465;10.486609;23.884499107427047;
1749099454;8.869463;-19.648056;10.30578;23.89398646030527;
1749099462;8.839788;-19.73584;10.143309;23.88581051804205;
1749099475;8.949655;-19.838964;9.999707;23.951512949026036;
1749099483;8.917895;-19.909943;9.846955;23.9352710651636;
1749099494;9.04965;-19.938253;9.680297;23.940306292615052;
1749099505;9.0398655;-19.925396;9.498236;23.85282067159053;
1749099514;9.134322;-19.890324;9.317838;23.78829366699181;
1749099522;9.123702;-19.845076;9.14407;23.678745218078422;
1749099534;9.195209;-19.799273;8.976384;23.603782025607018;
1749099542;9.172063;-19.756376;8.808705;23.49541295941221;
1749099554;9.245147;-19.707314;8.638069;23.41937625158451;
1749099565;9.217118;-19.65243;8.473266;23.30170569383793;
1749099575;9.279206;-19.597904;8.338477;23.231696435654943;
1749099583;9.25398;-19.544853;8.228949;23.13769698864781;
1749099594;9.323464;-19.494781;8.145472;23.093769743111206;
1749099602;9.29177;-19.445482;8.094572;23.0214219028878;
1749099614;9.321524;-19.400566;8.074492;22.98847965619539;
1749099625;9.28492;-19.371367;8.084807;22.95264005066053;
1749099634;9.314846;-19.363869;8.114373;22.968866337280158;
1749099642;9.276096;-19.375528;8.153005;22.97669572475985;
1749099654;9.298788;-19.401312;8.183242;23.018336367144844;
1749099662;9.268011;-19.433527;8.198343;23.038464217250358;
1749099674;9.300396;-19.464405;8.1946;23.07621936831472;
1749099685;9.295623;-19.493006;8.169943;23.089691276700012;
1749099693;9.3603;-19.520918;8.130577;23.125478079986767;
1749099703;9.36645;-19.546154;8.081885;23.132215611115306;
1749099716;9.419025;-19.567198;8.031561;23.153816965492762;
1749099723;9.412088;-19.585;7.9723916;23.14559623314681;
1749099734;9.43769;-19.603867;7.9068646;23.14951579763284;
1749099748;9.42964;-19.620617;7.839948;23.13766415454865;
