1749113106;349.8064;-28.45029;-11.536956;351.1510151075446;
1749113114;349.62537;-28.243807;-11.510132;350.9531200285459;
1749113123;349.62537;-28.243807;-11.510132;350.9531200285459;
1749113135;349.3918;-28.102839;-11.557088;350.7106732507708;
1749113149;349.3918;-28.102839;-11.557088;350.7106732507708;
1749113154;349.19547;-28.046497;-11.644918;350.5134561993094;
1749113163;349.19547;-28.046497;-11.644918;350.5134561993094;
1749113175;349.0211;-28.008392;-11.725753;350.3393825171692;
1749113184;348.88565;-27.978992;-11.73042;350.2022615490362;
1749113194;348.84866;-27.944843;-11.7059;350.16186581796853;
1749113203;348.84866;-27.944843;-11.7059;350.16186581796853;
1749113218;348.69922;-27.847357;-11.591669;350.0014103250447;
1749113219;348.69922;-27.847357;-11.591669;350.0014103250447;
1749113224;348.69922;-27.847357;-11.591669;350.0014103250447;
1749113235;348.56293;-27.727798;-11.407538;349.85007787704876;
1749113236;348.56293;-27.727798;-11.407538;349.85007787704876;
1749113245;348.44492;-27.669771;-11.314953;349.7248972020093;
1749113257;348.42392;-27.611649;-11.230886;349.6966739196076;
1749113258;348.42392;-27.611649;-11.230886;349.6966739196076;
1749113263;348.3379;-27.558638;-11.1528;349.60427556245594;
1749113274;348.3313;-27.508692;-11.08159;349.59150947557725;
1749113283;348.304;-27.460941;-11.027325;349.5588241902388;
1749113294;348.3125;-27.424757;-10.983524;349.56308838249754;
1749113306;348.29398;-27.401745;-10.9449215;349.5416148707299;
1749113315;348.3012;-27.379416;-10.894044;349.5454826293804;
1749113326;348.2798;-27.346872;-10.825483;349.5194576327035;
1749113334;348.28403;-27.310373;-10.7436495;349.5183057109559;
1749113343;348.2478;-27.275537;-10.651915;349.4766806802809;
1749113355;348.2509;-27.23695;-10.552915;349.4737391536459;
1749113366;348.24933;-27.200125;-10.460436;349.466539720242;
1749113374;348.25006;-27.176588;-10.397273;349.4635535168871;
1749113384;348.20996;-27.171782;-10.368165;349.42235397002133;
1749113396;348.1989;-27.18183;-10.363556;349.4119897166013;
1749113403;348.2177;-27.1964;-10.377479;349.4322701881355;
1749113414;348.20847;-27.214285;-10.406617;349.42531459836994;
1749113423;348.22092;-27.22662;-10.447989;349.4399178200574;
1749113433;348.22278;-27.241674;-10.486204;349.4440908699384;
1749113442;348.26797;-27.258316;-10.5032625;349.4909392609031;
1749113453;348.27432;-27.25317;-10.487623;349.4963937383489;
1749113462;348.27448;-27.221325;-10.436773;349.4925417972506;
1749113474;348.27536;-27.178741;-10.360951;349.48785352203515;
1749113484;348.30438;-27.136932;-10.277394;349.51105945071953;
1749113493;348.31516;-27.112667;-10.201989;349.51770273132234;
1749113504;348.35007;-27.114952;-10.156001;349.55133279731575;
1749113516;348.3695;-27.141691;-10.130877;349.57205173501825;
1749113530;348.4327;-27.175251;-10.115251;349.6371906445337;
1749113534;348.4424;-27.192356;-10.103771;349.64785975426713;
1749113545;348.49435;-27.192657;-10.08868;349.69920936802055;
1749113554;348.5001;-27.17599;-10.056248;349.70269703939687;
1749113563;348.59827;-27.142641;-10.00722;349.7965392899574;
1749113578;348.60342;-27.099583;-9.94809;349.7966539899899;
1749113578;348.60342;-27.099583;-9.94809;349.7966539899899;
1749113588;348.7015;-27.053331;-9.891452;349.8892180938924;
1749113593;348.699;-27.011684;-9.842455;349.88212470812294;
1749113603;348.76764;-26.985533;-9.80618;349.9474907324267;
1749113618;348.7659;-26.975157;-9.784317;349.9443451570573;
1749113623;348.8506;-26.979298;-9.774826;350.028800292601;
1749113633;348.8536;-26.988243;-9.769059;350.0323399687394;
1749113643;348.93265;-26.99349;-9.760607;350.11128315597205;
1749113655;348.93094;-26.984566;-9.741904;350.1083710553012;
1749113664;348.99765;-26.96131;-9.708437;350.1721373302431;
1749113675;348.98993;-26.928745;-9.662557;350.16066741606045;
1749113684;349.04013;-26.890503;-9.622067;350.20664772352933;
1749113695;349.0304;-26.860739;-9.594658;350.19390876333637;
1749113704;349.09366;-26.844618;-9.581276;350.25535930789675;
1749113715;349.08838;-26.841389;-9.584451;350.2499366602426;
1749113726;349.16324;-26.849989;-9.603806;350.3257371709429;
1749113736;349.1528;-26.862278;-9.631458;350.31703608590817;
1749113745;349.19354;-26.874079;-9.65298;350.359138939963;
1749113756;349.1824;-26.882849;-9.66113;350.34893456002607;
1749113765;349.23242;-26.882378;-9.658791;350.39868571536476;
1749113777;349.22696;-26.872335;-9.648769;350.3921948534145;
1749113786;349.24698;-26.85851;-9.636051;350.4107377981656;
1749113797;349.2311;-26.838078;-9.615479;350.3927907043195;
1749113807;349.23788;-26.814129;-9.585517;350.39688872365036;
1749113820;349.22015;-26.787441;-9.547621;350.3761405938585;
1749113823;349.22015;-26.787441;-9.547621;350.3761405938585;
1749113826;349.20267;-26.760347;-9.512946;350.3556980272803;
1749113838;349.19363;-26.739334;-9.483834;350.3443008672586;
1749113848;349.1666;-26.726011;-9.4630165;350.3157714757141;
1749113884;349.16272;-26.718397;-9.4497595;350.31096977813957;
1749113896;349.1274;-26.720745;-9.443063;350.27577519223985;
1749113900;349.12473;-26.733944;-9.440175;350.274027739178;
1749113902;349.08218;-26.744717;-9.442309;350.23250584123934;
1749113912;349.07303;-26.754677;-9.44938;350.2243320840674;
1749113915;349.0356;-26.768959;-9.4670105;350.18860818999514;
1749113917;349.0281;-26.790844;-9.5042;350.18380658848207;
1749113923;348.94977;-26.82537;-9.572078;350.1102195366731;
1749113934;348.9532;-26.876837;-9.668079;350.1202110104963;
1749113944;348.8641;-26.938564;-9.783725;350.03938554312316;
1749113954;348.8557;-27.008356;-9.910609;350.03996899062685;
1749113963;348.79807;-27.073812;-10.030331;349.99098435923736;
1749113974;348.78348;-27.129374;-10.126923;349.983530820067;
1749113983;348.71442;-27.172592;-10.198614;349.92014199314065;
1749113994;348.7076;-27.205254;-10.253068;349.91748920881497;
1749114003;348.65738;-27.226696;-10.292196;349.8702478291324;
1749114014;348.65045;-27.240675;-10.311955;349.8650143141402;
1749114023;348.6175;-27.253933;-10.310776;349.83316760658397;
1749114034;348.6125;-27.266645;-10.293846;349.82867216174077;
1749114044;348.56412;-27.272148;-10.280822;349.7805159261135;
1749114055;348.54523;-27.27284;-10.294256;349.76214037505014;
1749114064;348.51395;-27.284952;-10.343142;349.73335574401045;
1749114078;348.50015;-27.315922;-10.414237;349.7241373846266;
1749114079;348.50015;-27.315922;-10.414237;349.7241373846266;
1749114084;348.4606;-27.358782;-10.49522;349.6904968690759;
1749114094;348.4586;-27.398323;-10.584511;349.69427687621084;
1749114103;348.46988;-27.428848;-10.666234;349.7104043925675;
1749114114;348.4707;-27.452835;-10.722183;349.7148185360346;
1749114123;348.49033;-27.46669;-10.747812;349.73624604389636;
1749114134;348.48578;-27.472103;-10.742033;349.7319627295778;
1749114144;348.4743;-27.466654;-10.726985;349.7196390912602;
1749114156;348.46735;-27.46137;-10.725408;349.7122425621736;
1749114166;348.47513;-27.470598;-10.745868;349.7213496422961;
1749114177;348.46494;-27.500305;-10.795218;349.7150478061612;
1749114179;348.46494;-27.500305;-10.795218;349.7150478061612;
1749114185;348.48068;-27.551079;-10.873597;349.7371628021572;
1749114194;348.48898;-27.609968;-10.974224;349.7532205963316;
1749114204;348.5202;-27.659712;-11.07893;349.7915579207736;
1749114216;348.5408;-27.69636;-11.173744;349.81799775975907;
1749114224;348.58618;-27.720762;-11.242349;349.8673421374263;
1749114235;348.5977;-27.742151;-11.281018;349.8817450927928;
1749114243;348.6039;-27.7655;-11.290333;349.8901002656201;
1749114254;348.6079;-27.788162;-11.266291;349.8951075523207;
1749114266;348.60526;-27.805828;-11.207724;349.89198482794006;
1749114274;348.61227;-27.816881;-11.115305;349.8969085095766;
1749114284;348.59714;-27.833635;-11.005957;349.8797030075089;
1749114294;348.59442;-27.854246;-10.906254;349.8755150367244;
1749114304;348.55957;-27.881067;-10.830142;349.840563607313;
1749114314;348.55127;-27.908983;-10.785016;349.83312508712385;
1749114323;348.52313;-27.940746;-10.759934;349.80685421834687;
1749114340;348.5272;-27.966827;-10.737708;349.81229936755955;
1749114343;348.4903;-27.978277;-10.716184;349.77579473540465;
1749114355;348.50714;-27.96792;-10.697482;349.79117784261035;
1749114363;348.49673;-27.947548;-10.679059;349.7786182376898;
1749114375;348.50726;-27.929758;-10.64964;349.78679036175396;
1749114387;348.43134;-27.91972;-10.609369;349.7091148187415;
1749114395;348.42975;-27.923735;-10.569362;349.70664281419266;
1749114410;348.3448;-27.92483;-10.532128;349.62095600143516;
1749114414;348.34827;-27.927076;-10.481979;349.62309467298275;
1749114424;348.27844;-27.929607;-10.422825;349.5519584778316;
1749114435;348.29327;-27.930534;-10.357066;349.5648555433723;
1749114445;348.22083;-27.928743;-10.28717;349.4904629321897;
1749114454;348.23703;-27.921793;-10.215018;349.50393732456394;
1749114463;348.14163;-27.907524;-10.13932;349.40554046395107;
1749114476;348.04645;-27.89087;-10.035239;349.3063646739463;
1749114483;348.04645;-27.89087;-10.035239;349.3063646739463;
1749114496;347.9324;-27.926476;-10.108705;349.1976967183524;
1749114497;347.9324;-27.926476;-10.108705;349.1976967183524;
1749114509;347.9324;-27.926476;-10.108705;349.1976967183524;
1749114515;347.83768;-27.981936;-10.220024;349.11099545744605;
1749114524;347.83768;-27.981936;-10.220024;349.11099545744605;
1749114536;347.7497;-27.939281;-10.182877;349.0188314040163;
1749114543;347.7497;-27.939281;-10.182877;349.0188314040163;
1749114556;347.5997;-27.843534;-10.015348;348.85687853484245;
1749114563;347.57898;-27.800615;-9.930378;348.8303794151462;
1749114575;347.44385;-27.786129;-9.88784;348.69336905666376;
1749114583;347.42282;-27.802458;-9.886017;348.67366773550805;
1749114596;347.31982;-27.837362;-9.910562;348.5745232587176;
1749114607;347.3042;-27.867697;-9.934434;348.5620580261867;
1749114615;347.24725;-27.875006;-9.934848;348.5059140843476;
1749114626;347.2379;-27.855122;-9.900278;348.4940357409474;
1749114635;347.14005;-27.820784;-9.847494;348.39227904672543;
1749114644;347.129;-27.784328;-9.803944;348.3771337707482;
1749114655;347.04425;-27.76093;-9.78776;348.29036912240633;
1749114663;347.04416;-27.761234;-9.792913;348.2904470895003;
1749114676;346.98117;-27.77563;-9.803521;348.2291307320665;
1749114683;346.98828;-27.789152;-9.811056;348.2375067742036;
1749114695;346.91187;-27.792614;-9.79863;348.1612913257272;
1749114704;346.91495;-27.785706;-9.769978;348.16300593434187;
1749114715;346.82492;-27.769356;-9.727381;348.0708040661606;
1749114724;346.8182;-27.74802;-9.68013;348.0610953545511;
1749114736;346.74384;-27.735767;-9.652598;347.9852480620958;
1749114745;346.74875;-27.741247;-9.654309;347.9906281245006;
1749114756;346.7048;-27.761242;-9.674348;347.9489909546348;
1749114764;346.72247;-27.782595;-9.6959305;347.96890237282497;
1749114776;346.6714;-27.796352;-9.702196;347.91927251169733;
1749114784;346.68576;-27.79919;-9.684283;347.93332244546235;
1749114795;346.6508;-27.792677;-9.653782;347.89710658225204;
1749114806;346.6637;-27.786507;-9.623219;347.9086296885464;
1749114817;346.6284;-27.795357;-9.604422;347.8736347561523;
1749114829;346.65256;-27.81951;-9.610671;347.8998212709298;
1749114837;346.6384;-27.854338;-9.638226;347.88926103741903;
1749114845;346.67197;-27.890236;-9.679992;347.926745008036;
1749114856;346.6386;-27.928993;-9.733405;347.8981091679606;
1749114864;346.66965;-27.965006;-9.791528;347.9335566895333;
1749114876;346.6469;-28.000502;-9.835856;347.91500901798906;
1749114884;346.67554;-28.030178;-9.862775;347.9466816057228;
1749114896;346.67218;-28.051762;-9.874955;347.945421837926;
1749114905;346.70178;-28.067497;-9.868914;347.9760130494438;
1749114918;346.68152;-28.086222;-9.860174;347.957086709444;
1749114925;346.70316;-28.107758;-9.870007;347.98066197834515;
1749114935;346.67374;-28.140656;-9.887269;347.95450020169454;
1749114946;346.7077;-28.180428;-9.914644;347.9923386154298;
1749114957;346.71765;-28.225582;-9.933194;348.00643902373287;
1749114964;346.74292;-28.269842;-9.936329;348.0352958002682;
1749114980;346.74734;-28.309296;-9.936583;348.04291852837827;
1749114984;346.74734;-28.309296;-9.936583;348.04291852837827;
1749114987;346.76276;-28.345486;-9.944414;348.06144158931806;
1749114997;346.75302;-28.376896;-9.963976;348.05486173342035;
1749115004;346.78143;-28.403742;-9.974312;348.0856529554965;
1749115015;346.79114;-28.41938;-9.96628;348.09636753489474;
1749115025;346.8332;-28.432453;-9.938335;348.13853165898695;
1749115035;346.83917;-28.448612;-9.896393;348.14461594772916;
1749115046;346.8785;-28.47506;-9.87959;348.1854903369078;
1749115060;346.87958;-28.517302;-9.905514;348.190748114562;
1749115066;346.89713;-28.576351;-9.95484;348.21447727252666;
1749115075;346.92017;-28.64494;-10.015173;348.2447958436993;
1749115085;346.93237;-28.707314;-10.081334;348.2640013208393;
1749115097;346.96906;-28.753113;-10.1394;348.3060065052828;
1749115105;346.97577;-28.776745;-10.1724205;348.31560901796405;
1749115119;346.9845;-28.770657;-10.1744585;348.3238600689789;
1749115120;346.9845;-28.770657;-10.1744585;348.3238600689789;
1749115123;347.0039;-28.75472;-10.148495;348.34112140212096;
1749115133;347.00128;-28.735737;-10.106955;348.33573263579837;
1749115144;347.00504;-28.722794;-10.062796;348.3371259574366;
1749115154;346.9837;-28.725977;-10.037565;348.3154102826172;
1749115165;346.9729;-28.747972;-10.039507;348.3065190700819;
1749115175;347.01157;-28.786707;-10.061777;348.34887814451594;
1749115183;346.9931;-28.834017;-10.107438;348.33572078966455;
1749115196;347.00592;-28.898804;-10.192914;348.3563479421895;
1749115203;346.95477;-28.974892;-10.337849;348.31599149922636;
1749115213;346.91168;-29.04948;-10.578324;348.2865034086361;
1749115224;346.84137;-29.11417;-10.910418;348.23211769801367;
1749115233;346.88635;-29.152641;-11.280335;348.2919235924673;
1749115242;346.8825;-29.137663;-11.622351;348.2980854407784;
1749115253;346.96906;-29.067865;-11.894526;348.38763724388525;
1749115263;347.00287;-28.950945;-12.045191;348.41675431193806;
1749115276;347.04953;-28.785505;-12.053876;348.44982068212295;
1749115277;347.04953;-28.785505;-12.053876;348.44982068212295;
1749115283;347.0401;-28.591703;-11.931671;348.4202654212474;
1749115301;347.04242;-28.379824;-11.720053;348.3980696192726;
1749115309;347.02216;-28.172735;-11.481815;348.35314220259437;
1749115314;347.05383;-27.992798;-11.2689705;348.36324351582545;
1749115323;347.03674;-27.867718;-11.10383;348.33088557617606;
1749115334;347.12943;-27.804424;-10.986134;348.414435515432;
1749115347;347.1251;-27.782541;-10.895176;348.4055160927019;
1749115354;347.2166;-27.76891;-10.8138485;348.49308246957605;
1749115363;347.22592;-27.73938;-10.722414;348.49717934443703;
1749115374;347.33746;-27.687582;-10.6232;348.6011589933054;
1749115383;347.36426;-27.615921;-10.520751;348.61906560174293;
1749115393;347.48532;-27.53551;-10.420463;348.7303236665595;
1749115403;347.5297;-27.448502;-10.340118;348.76528815840595;
1749115413;347.6549;-27.355972;-10.291897;348.8813650494937;
1749115422;347.6922;-27.27587;-10.283008;348.91199324862106;
1749115433;347.78052;-27.222822;-10.310167;348.99666188213706;
1749115442;347.7867;-27.184189;-10.367412;349.00151982484385;
1749115453;347.86752;-27.157856;-10.445612;349.0823307525187;
1749115463;347.8507;-27.140963;-10.519708;349.0664853034402;
1749115473;347.91733;-27.135191;-10.584053;349.1343692722622;
1749115482;347.88736;-27.125696;-10.632744;349.10524719290504;
1749115493;347.9463;-27.083221;-10.656355;349.1613937071729;
1749115502;347.91537;-27.001165;-10.647697;349.1239670731425;
1749115513;347.9656;-26.880274;-10.592932;349.1630317807826;
1749115524;347.91672;-26.729492;-10.494485;349.09975981416613;
1749115533;347.96185;-26.555243;-10.3686;349.12768428214366;
1749115542;347.89548;-26.37454;-10.236049;349.0439172837467;
1749115554;347.90625;-26.203096;-10.125648;349.03852192512625;
1749115562;347.80566;-26.057384;-10.043313;348.92497098518686;
1749115574;347.70468;-25.967184;-9.93175;348.81439158578473;
1749115583;347.3456;-25.990284;-9.634259;348.449835256012;
1749115593;346.96054;-26.0815;-9.222001;348.06164217214626;
1749115602;346.39496;-26.127918;-8.884355;347.49254256710304;
1749115613;346.10657;-26.135752;-8.69423;347.2008397748809;
1749115622;345.72662;-26.146713;-8.632281;346.82137349888916;
1749115633;345.54922;-26.180311;-8.641836;346.6473089811576;
1749115644;345.31415;-26.217905;-8.693926;346.4171238054446;
1749115653;345.23206;-26.234438;-8.77795;346.3386643206793;
1749115662;345.10666;-26.220478;-8.840687;346.2142071814799;
1749115673;345.0567;-26.170658;-8.821099;346.16013996286404;
1749115682;344.95578;-26.074865;-8.685383;346.0488761046789;
1749115693;344.89566;-25.957846;-8.433332;345.97391146136266;
1749115705;344.68762;-25.715868;-7.6406245;345.73001289791046;
1749115712;344.68762;-25.715868;-7.6406245;345.73001289791046;
1749115722;344.67273;-25.614529;-7.2011685;345.698208502972;
1749115733;344.82126;-25.542793;-6.77826;345.8324441756409;
1749115742;344.9993;-25.495699;-6.38622;345.9990320160003;
1749115754;345.4908;-25.46007;-5.648691;346.47370111122655;
1749115763;345.4908;-25.46007;-5.648691;346.47370111122655;
1749115774;346.099;-25.436657;-4.9412093;347.0676536230671;
1749115781;346.099;-25.436657;-4.9412093;347.0676536230671;
1749115794;346.68658;-25.425255;-4.209736;347.6431407523622;
1749115801;346.68658;-25.425255;-4.209736;347.6431407523622;
1749115815;347.5426;-25.342861;-3.5355217;348.48331539142805;
1749115825;347.83685;-25.27804;-3.2552516;348.7693396645718;
1749115834;348.18723;-25.195398;-3.016444;349.1106571310482;
1749115846;348.18723;-25.195398;-3.016444;349.1106571310482;
1749115855;348.7952;-24.844439;-2.5178573;349.6879678471821;
1749115863;349.00314;-24.586836;-2.219654;349.8751683137249;
1749115874;349.218;-24.307175;-1.8792224;350.0679544095318;
1749115886;349.45517;-24.022486;-1.5164723;350.2831642023989;
1749115895;349.64417;-23.74727;-1.1639096;350.45160820220093;
1749115904;350.0297;-23.484749;-0.86224204;350.8177066420754;
1749115913;350.1868;-23.239117;-0.6217031;350.9575994600946;
1749115924;350.59012;-23.01604;-0.4441746;351.3450818650258;
1749115934;350.68787;-22.812948;-0.3257372;351.42924781399984;
1749115945;350.97388;-22.63507;-0.24856994;351.7030999588667;
1749115954;350.99597;-22.482725;-0.20761591;351.7153510576557;
1749115963;351.21854;-22.353054;-0.19250013;351.9291922763449;
1749115974;351.20435;-22.236488;-0.183107;351.90764041539575;
1749115983;351.4605;-22.107994;-0.14794162;352.15518675277525;
1749116001;351.441;-21.94562;-0.052689403;352.1255403525009;
1749116004;351.6879;-21.744442;0.096319385;352.3594851001419;
1749116015;351.69662;-21.52117;0.25667015;352.35456927343694;
1749116024;351.98196;-21.288582;0.39960358;352.625391116112;
1749116034;351.99335;-21.054632;0.49900958;352.6228339140784;
1749116043;352.23227;-20.828482;0.5385818;352.8479661927243;
1749116054;352.21295;-20.624043;0.5299323;352.8166595767814;
1749116069;352.48822;-20.426882;0.52880347;353.0799945097497;
1749116070;352.48822;-20.426882;0.52880347;353.0799945097497;
1749116075;352.47852;-20.210396;0.58835125;353.05794175080393;
1749116085;352.6974;-19.96652;0.7335632;353.26285869775666;
1749116095;352.6911;-19.71569;0.9414484;353.24298656640883;
1749116104;353.17557;-19.473392;1.1498332;353.71389101921045;
1749116117;353.1599;-19.250713;1.3157583;353.68664762124166;
1749116119;353.1599;-19.250713;1.3157583;353.68664762124166;
1749116126;353.54578;-19.05447;1.4140191;354.0617012138817;
1749116137;353.50732;-18.888323;1.4429096;354.01451806917083;
1749116145;353.82437;-18.74844;1.4284117;354.32362341116425;
1749116157;353.75446;-18.64054;1.3807963;354.2479232572379;
1749116168;354.03668;-18.563992;1.3185862;354.52550365895297;
1749116174;353.9759;-18.511982;1.2632525;354.46187492105776;
1749116185;354.22443;-18.473001;1.2343268;354.70793550808673;
1749116194;354.1866;-18.43212;1.2530107;354.6681142964947;
1749116204;354.45575;-18.382437;1.3101207;354.9345133388983;
1749116215;354.43744;-18.327848;1.3799496;354.9136689802301;
1749116224;354.70428;-18.276566;1.4565277;355.17782008897035;
1749116235;354.6658;-18.237694;1.5285927;355.13769326840423;
1749116246;354.9116;-18.22579;1.608026;355.3828953326338;
1749116255;354.84964;-18.23806;1.7155863;355.3221594563667;
1749116264;355.08252;-18.2605;1.8405951;355.5565065157114;
1749116274;355.03076;-18.289326;1.9670945;355.50697695348305;
1749116285;355.27307;-18.323095;2.0836103;355.7513632260548;
1749116294;355.2187;-18.359509;2.1971533;355.6996148796731;
1749116305;355.41476;-18.393093;2.316235;355.89791454230453;
1749116315;355.35278;-18.422348;2.4457333;355.83839737763765;
1749116325;355.56915;-18.440214;2.5825725;356.0563629881656;
1749116336;355.52698;-18.440262;2.7212918;356.01528119418344;
1749116344;355.71088;-18.424072;2.844221;356.1990506275781;
1749116356;355.70074;-18.401152;2.9383957;356.1885122816046;
1749116367;355.84442;-18.375368;3.0028102;356.33119882332414;
1749116374;355.84927;-18.354324;3.045495;356.3353221921128;
1749116385;355.98105;-18.344793;3.073479;356.4666669769738;
1749116395;355.9793;-18.340322;3.0960474;356.4648950923986;
1749116405;356.112;-18.334707;3.1185899;356.5973125100311;
1749116415;356.11163;-18.325033;3.1500454;356.59672600779214;
1749116426;356.228;-18.315174;3.1855783;356.7127404994143;
1749116437;356.24033;-18.307055;3.222721;356.7249696805249;
1749116445;356.36972;-18.310787;3.265758;356.85477124944293;
1749116456;356.38736;-18.322638;3.310367;356.8734056689705;
1749116464;356.50146;-18.341501;3.3543353;356.98873465235187;
1749116475;356.51923;-18.369392;3.3967066;357.00830628028854;
1749116486;356.63644;-18.397512;3.4334502;357.1271626447616;
1749116495;356.63278;-18.423515;3.4632754;357.12513406085463;
1749116505;356.73892;-18.447716;3.491605;357.2326525910538;
1749116517;356.7197;-18.465628;3.5228643;357.21468548312714;
1749116524;356.84204;-18.473537;3.5545614;357.3375837055363;
1749116535;356.82373;-18.464403;3.586938;357.3191499667232;
1749116545;356.9434;-18.444616;3.6279254;357.43803561147865;
1749116555;356.9331;-18.425194;3.6731963;357.42722604302895;
1749116565;357.04703;-18.414955;3.713392;357.54087844946343;
1749116576;357.02734;-18.418463;3.7409372;357.52168964519655;
1749116586;357.16364;-18.435776;3.7601;357.6588857091465;
1749116595;357.13498;-18.460064;3.7823334;357.63175671172513;
1749116608;357.2402;-18.479574;3.8128772;357.73816674658946;
1749116615;357.20972;-18.48842;3.8555284;357.7086364138849;
1749116625;357.33984;-18.486065;3.908528;357.8390352085566;
1749116638;357.3163;-18.477411;3.9795363;357.8158746970347;
1749116644;357.39713;-18.501913;4.1661673;357.89996209790615;
1749116654;357.3565;-18.52181;4.422094;357.86350052576086;
1749116664;357.44165;-18.4956;4.5658007;357.948972871404;
1749116674;357.4726;-18.416542;4.6360774;357.9767011476162;
1749116684;357.6137;-18.28688;4.643547;358.1110680107238;
1749116693;357.67984;-18.148232;4.6266108;358.169836584816;
1749116703;357.81873;-18.040514;4.602012;358.3027756534247;
1749116714;357.8744;-17.98108;4.555214;358.3547794376827;
1749116724;358.0159;-17.971426;4.468097;358.4945194191783;
1749116734;358.04675;-18.01462;4.337459;358.5258949676416;
1749116743;358.22137;-18.108858;4.173942;358.70308848910486;
1749116754;358.22534;-18.237871;4.0117416;358.7117359681372;
1749116763;358.35007;-18.392282;3.883013;358.8427572954066;
1749116775;358.34042;-18.56216;3.789439;358.84087395965895;
1749116785;358.47147;-18.723082;3.7162561;358.979325764434;
1749116794;358.52518;-18.83956;3.642364;359.0382965147335;
1749116804;358.66504;-18.902842;3.5634956;359.18049246332544;
1749116816;358.72232;-18.916367;3.497545;359.23775554787744;
1749116825;358.83447;-18.896725;3.4517624;359.3482706718356;
1749116837;358.8463;-18.86175;3.4284616;359.35803406095425;
1749116844;358.94986;-18.804628;3.4236822;359.45839448914177;
1749116855;358.93164;-18.73362;3.4394367;359.43664375391216;
1749116864;359.06296;-18.6497;3.4602327;359.56361351617784;
1749116874;359.05038;-18.575052;3.4755132;359.54734094925385;
1749116883;359.17624;-18.519228;3.471779;359.67010680235114;
1749116894;359.1773;-18.495052;3.4505475;359.6697251578122;
1749116904;359.305;-18.502192;3.4182565;359.797294780413;
1749116914;359.30255;-18.534813;3.38449;359.7962165055256;
1749116924;359.43274;-18.584442;3.354544;359.92850471297845;
1749116934;359.41946;-18.637648;3.3327687;359.9177967790347;
1749116944;359.5438;-18.683674;3.3287303;360.0443014426991;
1749116954;359.52982;-18.717422;3.3447845;360.03224556460424;
1749116966;359.61386;-18.721508;3.4253755;360.1171436401719;
1749116974;359.61386;-18.721508;3.4253755;360.1171436401719;
1749116983;359.66647;-18.699299;3.4790015;360.1690426858471;
1749116994;359.66333;-18.67288;3.5246768;360.1649772026346;
1749117004;359.70932;-18.64611;3.5552752;360.2098171397789;
1749117015;359.75504;-18.597403;3.5935364;360.25333084105876;
1749117024;359.75504;-18.597403;3.5935364;360.25333084105876;
1749117036;359.8386;-18.581545;3.6012259;360.3360311030412;
1749117044;359.8386;-18.581545;3.6012259;360.3360311030412;
1749117057;359.89642;-18.588068;3.5508103;360.39361822755353;
1749117063;359.89642;-18.588068;3.5508103;360.39361822755353;
1749117075;359.932;-18.567791;3.549133;360.428090959218;
1749117086;359.94992;-18.54606;3.5873716;360.44523991352355;
1749117095;359.9762;-18.525331;3.6269321;360.4708094126359;
1749117103;359.9762;-18.525331;3.6269321;360.4708094126359;
1749117115;359.9833;-18.538294;3.6752257;360.4790657698933;
1749117123;359.98032;-18.563364;3.6669245;360.4772847813855;
1749117134;0.019194575;-18.596067;3.6349354;18.94800378536077;
1749117146;0.02309904;-18.636435;3.5963717;18.98028228294842;
1749117154;0.06647524;-18.681158;3.5574946;19.016988556372997;
1749117163;0.078550965;-18.73073;3.5214534;19.059041230475987;
1749117174;0.112736024;-18.777578;3.4819474;19.098013407080725;
1749117183;0.13301659;-18.811985;3.4334698;19.12321072223704;
1749117196;0.16401045;-18.824743;3.3850608;19.12737554331883;
1749117204;0.20020235;-18.81779;3.3443034;19.113702722960245;
1749117215;0.243251;-18.791393;3.3223655;19.084384850344385;
1749117223;0.28110102;-18.754263;3.3216465;19.048221196846452;
1749117234;0.29945597;-18.718098;3.337574;19.015684450720055;
1749117243;0.32972974;-18.688267;3.3629794;18.991305023590495;
1749117255;0.34423634;-18.665825;3.3971906;18.975574332925767;
1749117264;0.3662751;-18.652302;3.4426572;18.97088317059104;
1749117276;0.37849167;-18.64703;3.4966383;18.975812460981448;
1749117284;0.3910028;-18.652737;3.5539887;18.992322235254367;
1749117296;0.4021425;-18.67154;3.613005;19.02214244606279;
1749117298;0.4021425;-18.67154;3.613005;19.02214244606279;
1749117304;0.4063503;-18.70616;3.6684504;19.066805061634824;
1749117315;0.38797396;-18.747604;3.7136793;19.11582086806761;
1749117328;0.3757281;-18.783766;3.7544017;19.15898120906816;
1749117334;0.37706614;-18.810497;3.7950575;19.193213608843074;
1749117344;0.33846417;-18.824148;3.8367047;19.214146242253744;
1749117356;0.3235508;-18.823822;3.8745978;19.221172405143538;
1749117366;0.2953717;-18.815517;3.9039326;19.218523095197106;
1749117375;0.31796074;-18.806665;3.9197137;19.213430694188176;
1749117384;0.29961878;-18.796118;3.9159465;19.202042911453717;
1749117395;0.291178;-18.786852;3.911824;19.192002376115788;
1749117404;0.265022;-18.781631;3.925801;19.189367658315106;
1749117415;0.25187382;-18.780855;3.9475434;19.192890882508436;
1749117424;0.22944313;-18.78079;3.9652421;19.1961942796012;
1749117435;0.25540763;-18.788746;3.977407;19.20682095193363;
1749117445;0.246727;-18.807318;3.9847746;19.226401199471333;
1749117456;0.26182565;-18.829672;3.998701;19.25135593844798;
1749117464;0.25075755;-18.85055;4.0321145;19.27859047353324;
1749117476;0.24904388;-18.864977;4.0776863;19.302251197464308;
1749117485;0.2385342;-18.875597;4.1213274;19.321759759761992;
1749117497;0.24050789;-18.886337;4.1500783;19.33842624868437;
1749117508;0.2403399;-18.896399;4.1608853;19.350571257154805;
1749117524;0.25269488;-18.9037;4.1601505;19.35770069183189;
1749117529;0.25343946;-18.906942;4.1546855;19.35970332493012;
1749117540;0.2813509;-18.899239;4.1528993;19.35218204206484;
1749117549;0.27114758;-18.885538;4.1589484;19.33995662750634;
1749117560;0.30486736;-18.870792;4.1821437;19.33106503324924;
1749117571;0.29554963;-18.86773;4.251725;19.3431052679837;
1749117575;0.30396232;-18.875916;4.423765;19.389746735770096;
1749117583;0.3176992;-18.825699;4.4714007;19.352035929637804;
1749117595;0.3931299;-18.73632;4.392938;19.248432723124957;
1749117602;0.45534092;-18.629143;4.2735147;19.118452439242187;
1749117614;0.531314;-18.53477;4.1852508;19.008847480621533;
1749117624;0.56373686;-18.470602;4.1632285;18.942370771341984;
1749117634;0.6047141;-18.43397;4.168456;18.909070221708603;
1749117642;0.6248785;-18.422102;4.1505985;18.89422616712243;
1749117654;0.6520623;-18.439003;4.093715;18.89922010546937;
1749117662;0.6481408;-18.486103;4.0354204;18.932530488429748;
1749117674;0.6714909;-18.560268;4.0071764;18.999787522275426;
1749117685;0.645456;-18.656054;4.0041733;19.091839903950305;
1749117694;0.6674485;-18.753225;4.0115714;19.189102449871214;
1749117703;0.6621021;-18.82418;4.0158587;19.259160814244826;
1749117714;0.70616794;-18.860617;4.0035963;19.293789628628055;
1749117723;0.7034024;-18.86333;3.9861143;19.29272226197631;
1749117734;0.7454134;-18.83602;3.9849224;19.26735267190541;
1749117745;0.75159717;-18.789352;4.00015;19.22513625965136;
1749117754;0.7752373;-18.717045;4.013405;19.15818828973452;
1749117764;0.7790093;-18.633568;4.01469;19.07706581125336;
1749117778;0.8251721;-18.550707;3.99892;18.994762305622615;
1749117783;0.81904227;-18.487959;3.9742835;18.92803169414197;
1749117795;0.88146794;-18.439056;3.9517882;18.87835841365253;
1749117805;0.87303823;-18.40519;3.9430325;18.84305447978058;
1749117815;0.92097855;-18.387232;3.947848;18.828807721403713;
1749117823;0.91502243;-18.390215;3.953813;18.832681930570665;
1749117835;0.9431135;-18.413794;3.9570441;18.857769080693856;
1749117843;0.9440661;-18.452127;3.964543;18.896821704105413;
1749117855;0.9574332;-18.502935;3.9762988;18.949571218541678;
1749117866;0.975516;-18.561878;3.9838922;19.009638372700454;
1749117874;0.9748087;-18.624489;3.9782403;19.069562965277704;
1749117885;0.99127436;-18.676052;3.9591784;19.11681565090783;
1749117895;1.0054199;-18.704542;3.9323559;19.13985865320698;
1749117903;1.0228176;-18.708977;3.9141066;19.141373965020936;
1749117915;1.0267224;-18.695862;3.9126692;19.128470616733697;
1749117927;1.0495917;-18.676922;3.9212773;19.11296595982918;
1749117935;1.0774387;-18.662163;3.9239476;19.10064287890292;
1749117943;1.0839733;-18.650751;3.9132307;19.087663277153467;
1749117955;1.0986469;-18.637665;3.8965192;19.07229497793055;
1749117963;1.0960934;-18.6204;3.8806727;19.052042356173807;
1749117975;1.1147119;-18.603456;3.8684578;19.0340784364595;
1749117985;1.112674;-18.594328;3.8610082;19.02352382016863;
1749117995;1.1229941;-18.593956;3.8573425;19.023023055892093;
1749118004;1.1233333;-18.604147;3.847245;19.030960451699737;
1749118016;1.1371082;-18.622166;3.8230464;19.04452030931154;
1749118023;1.1400982;-18.641363;3.7931583;19.057499669039796;
1749118035;1.1573284;-18.659897;3.7645373;19.070996323383802;
1749118045;1.1649355;-18.675644;3.7432075;19.082671525689715;
1749118054;1.1665355;-18.683392;3.7375624;19.08924562392153;
1749118063;1.1766827;-18.68367;3.7411308;19.090839907955434;
1749118074;1.163071;-18.683455;3.7497795;19.09149163410756;
1749118083;1.1740745;-18.685211;3.765199;19.09691836419866;
1749118094;1.1518205;-18.687668;3.786096;19.1020978888084;
1749118105;1.1534482;-18.69246;3.808525;19.111340444307697;
1749118114;1.137397;-18.700373;3.8321135;19.12283203211272;
1749118123;1.1365806;-18.710958;3.8513227;19.13699215818398;
1749118135;1.1275071;-18.720287;3.8753939;19.15043360665976;
1749118143;1.1215041;-18.72923;3.9068806;19.1652178937768;
1749118155;1.1096811;-18.730429;3.9388819;19.1722492616533;
1749118164;1.0923662;-18.726349;3.9642315;19.172494296042192;
1749118175;1.0970674;-18.716988;3.9808295;19.167059902317792;
1749118183;1.0731609;-18.710289;4.011807;19.16562505974254;
1749118196;1.0698055;-18.710962;4.0602326;19.176289602636537;
1749118204;1.039756;-18.71498;4.102458;19.187540213849378;
1749118215;1.0403997;-18.71885;4.1361313;19.19857620236564;
1749118227;1.0029366;-18.74308;4.2270975;19.239991899682636;
1749118234;1.0029366;-18.74308;4.2270975;19.239991899682636;
1749118245;0.9775178;-18.755716;4.2709026;19.260660558361653;
1749118258;0.96549654;-18.763752;4.3067894;19.27586592070322;
1749118267;0.9496361;-18.768585;4.3401704;19.287267258048207;
1749118277;0.93233097;-18.773304;4.3792667;19.299848723140304;
1749118287;0.9171592;-18.782976;4.444117;19.323342117591853;
1749118296;0.8691933;-18.824234;4.680614;19.416885187995558;
1749118302;0.8691933;-18.824234;4.680614;19.416885187995558;
1749118314;0.88935125;-18.73647;4.6842628;19.33361176394747;
1749118322;0.88935125;-18.73647;4.6842628;19.33361176394747;
1749118334;0.99251175;-18.583158;4.626193;19.176040291313633;
1749118344;1.0167215;-18.521832;4.636332;19.120343613471384;
1749118354;1.0506383;-18.480825;4.6421146;19.083866944599198;
1749118361;1.0506383;-18.480825;4.6421146;19.083866944599198;
1749118374;1.0560213;-18.46879;4.605958;19.063741397865442;
1749118382;1.0560213;-18.46879;4.605958;19.063741397865442;
1749118394;1.0422068;-18.580992;4.5896425;19.167792456923053;
1749118405;1.0714554;-18.659807;4.565591;19.240089433508437;
1749118413;1.075501;-18.723066;4.5121045;19.289090238848654;
1749118424;1.1080033;-18.765224;4.4383073;19.314758390767608;
1749118434;1.0999963;-18.780294;4.379261;19.315469898902272;
1749118443;1.089396;-18.759611;4.360762;19.290568670869252;
1749118454;1.0716355;-18.710707;4.3848314;19.247485417238725;
1749118467;1.0706005;-18.620953;4.4220133;19.168731384384454;
1749118474;1.0579447;-18.520105;4.4553823;19.07784006039842;
1749118484;1.0547969;-18.418383;4.473791;18.98326164873423;
1749118494;1.04983;-18.331802;4.482235;18.900993391893465;
1749118505;1.0583408;-18.272953;4.484637;18.844969219043392;
1749118518;1.054877;-18.24218;4.485688;18.815187767334052;
1749118524;1.0732913;-18.241167;4.483899;18.81482079440858;
1749118535;1.0691499;-18.2666;4.47243;18.836517101686386;
1749118543;1.1008977;-18.310272;4.4567933;18.876997932009505;
1749118554;1.1109719;-18.35729;4.4449735;18.9204163205712;
1749118565;1.1314325;-18.40205;4.439619;18.963802411175443;
1749118574;1.1498077;-18.437859;4.4398403;18.999707072452956;
1749118586;1.1615063;-18.458942;4.4361563;19.02001930519315;
1749118594;1.1824062;-18.460087;4.425888;19.02002563139509;
1749118604;1.1997182;-18.449856;4.409825;19.00744744157775;
1749118615;1.218829;-18.43952;4.391025;18.994276475772313;
1749118624;1.2420163;-18.43306;4.3714457;18.984989630564165;
1749118634;1.2481034;-18.435741;4.350303;18.98313624295294;
1749118645;1.2869569;-18.448025;4.3251004;18.99190271947214;
1749118654;1.2824651;-18.467485;4.2971253;19.004157990950034;
1749118663;1.3299646;-18.49041;4.2650995;19.022490277573883;
1749118674;1.3183504;-18.511154;4.240368;19.036323084789974;
1749118683;1.3592634;-18.523563;4.234238;19.049902105140838;
1749118694;1.3444786;-18.521759;4.2510953;19.050852779231867;
1749118705;1.3567417;-18.50521;4.281649;19.042481368171114;
1749118715;1.344094;-18.478308;4.313618;19.022664034138238;
1749118724;1.3468878;-18.450037;4.3381863;19.000995560121428;
1749118734;1.3390837;-18.426813;4.363639;18.983728066480452;
1749118743;1.3337665;-18.417936;4.3948026;18.981928276065208;
1749118755;1.3154409;-18.419924;4.4184933;18.98807677664392;
1749118766;1.3259169;-18.425062;4.4299355;18.99645493371402;
1749118774;1.3089856;-18.426384;4.445139;19.00011393874718;
1749118784;1.3149437;-18.42195;4.4778385;19.003903121156696;
1749118795;1.3028866;-18.413458;4.513702;19.003327320193264;
1749118804;1.2960751;-18.407932;4.5481215;19.00571467492771;
1749118815;1.2720563;-18.418634;4.5951858;19.02577076427945;
1749118825;1.262571;-18.450052;4.6654725;19.072628230979532;
1749118834;1.2273526;-18.49483;4.7324834;19.13012022382622;
1749118844;1.2199286;-18.559177;4.8091807;19.210921657115627;
1749118854;1.2085676;-18.611176;4.8583784;19.272787326736832;
1749118863;1.2433589;-18.613281;4.73816;19.24708657361019;
1749118874;1.279619;-18.595295;4.582457;19.194304672337577;
1749118884;1.3258357;-18.577099;4.4718575;19.15369290225326;
1749118894;1.3343832;-18.560495;4.4239244;19.127040408414594;
1749118903;1.3473841;-18.535215;4.401392;19.09821730921482;
1749118914;1.3504572;-18.497713;4.3813386;19.05741986850171;
1749118923;1.3501743;-18.46079;4.3829107;19.021925979070133;
1749118934;1.3387061;-18.447132;4.4125366;19.014712636696846;
1749118944;1.3262895;-18.444656;4.4472795;19.01953435678186;
1749118953;1.3327634;-18.434114;4.4674587;19.01449503963605;
1749118963;1.3107101;-18.411253;4.480189;18.993796069291108;
1749118975;1.2971951;-18.383112;4.4974794;18.969682165852852;
1749118984;1.3001976;-18.357513;4.5149984;18.9492486375785;
1749118995;1.2881973;-18.309927;4.518004;18.90304838100873;
1749119005;1.3017226;-18.255114;4.519478;18.85124225194332;
1749119017;1.3024306;-18.192204;4.5188556;18.790227518568216;
1749119023;1.3091195;-18.140396;4.5070095;18.737686617654497;
1749119035;1.3121421;-18.088966;4.4851637;18.68285616854931;
1749119044;1.3252974;-18.048883;4.4648213;18.640097532724667;
1749119055;1.332225;-18.017149;4.452082;18.606813696998294;
1749119065;1.334789;-17.994091;4.4476876;18.583619107434007;
1749119075;1.3349699;-17.985344;4.4521103;18.576222086495566;
1749119084;1.3376783;-17.99588;4.451409;18.586450055877183;
1749119095;1.3363596;-18.017067;4.4229226;18.60007535308847;
1749119104;1.369077;-18.045315;4.362007;18.615446915636895;
1749119115;1.3835752;-18.084585;4.2761106;18.634688731185534;
1749119126;1.4266262;-18.132465;4.181996;18.663082593713558;
1749119135;1.4505886;-18.175434;4.083927;18.684995943887067;
1749119144;1.4834484;-18.207184;3.9971526;18.699716336468736;
1749119159;1.5006416;-18.22599;3.9292302;18.705012629807438;
1749119164;1.5152285;-18.233603;3.8904169;18.705494427637362;
1749119174;1.5209792;-18.240139;3.86688;18.70745330368477;
1749119185;1.5358061;-18.247696;3.8256943;18.707566485145893;
1749119194;1.5207922;-18.29873;3.7281575;18.73647560988971;
1749119204;1.4332951;-18.31839;3.6405263;18.731555591854725;
1749119215;1.2718331;-18.29702;3.577847;18.686880100306134;
1749119224;1.0926758;-18.250835;3.5758843;18.62991902087327;
1749119234;0.97909224;-18.230976;3.6191947;18.612514122389502;
1749119245;1.0043144;-18.28464;3.60293;18.663273802109337;
1749119254;1.0372556;-18.362068;3.5554266;18.731858030465734;
1749119264;1.0102564;-18.457972;3.568086;18.82680455232763;
1749119275;0.88635486;-18.557087;3.6182907;18.9273116985288;
1749119284;0.7476729;-18.64178;3.6315715;19.006928209387958;
1749119294;0.63769704;-18.703968;3.5638993;19.05115367447928;
1749119306;0.6160995;-18.743834;3.417744;19.062839450672396;
1749119314;0.5796384;-18.753117;3.2207823;19.036512330135388;
1749119323;0.58841777;-18.742414;2.9931607;18.989032279904606;
1749119335;0.5735378;-18.72249;2.743037;18.931054935603044;
1749119344;0.5883195;-18.694805;2.4953866;18.869785730536123;
1749119354;0.6429235;-18.609709;2.3554945;18.769202594402856;
1749119365;0.718646;-18.450155;2.443561;18.625135485340696;
1749119374;0.8378263;-18.265617;2.6837828;18.480731074847995;
1749119384;0.95329165;-18.034378;3.1125834;18.32582145790557;
1749119394;1.0968517;-17.78184;3.6231673;18.180325524727742;
1749119404;1.2128642;-17.545912;4.1247654;18.064986840576704;
1749119414;1.3189312;-17.318485;4.663373;17.983786001441963;
1749119426;1.3808641;-17.088795;5.2130723;17.919537191786265;
1749119435;1.434862;-16.875095;5.7341504;17.880384604101774;
1749119444;1.4534583;-16.694025;6.1952567;17.865727491070167;
1749119455;1.4794809;-16.56506;6.5891104;17.888723843547357;
1749119467;1.4967862;-16.493864;6.9340234;17.95462616955265;
1749119479;1.4739151;-16.54035;7.467044;18.2074805173087;
1749119488;1.4739151;-16.54035;7.467044;18.2074805173087;
1749119496;1.4605049;-16.635906;7.6752706;18.379233618542937;
1749119507;1.4541873;-16.739098;7.885375;18.560473813497303;
1749119524;1.4544692;-16.82113;8.128337;18.738617380280626;
1749119526;1.4544692;-16.82113;8.128337;18.738617380280626;
1749119535;1.374713;-16.895391;8.715495;19.060533660233855;
1749119546;1.2144351;-16.865257;9.008416;19.15889655392515;
1749119555;1.1936369;-16.80945;9.247655;19.222421928291386;
1749119565;1.0440165;-16.754744;9.453039;19.26580785347873;
1749119576;0.86489284;-16.669464;9.818935;19.36570591693963;
1749119584;0.86489284;-16.669464;9.818935;19.36570591693963;
1749119597;0.7259935;-16.625626;10.212808;19.52536641712249;
1749119610;0.77327913;-16.618328;10.395435;19.617131926897216;
1749119619;0.6955656;-16.620396;10.567867;19.707896443148087;
1749119625;0.6955656;-16.620396;10.567867;19.707896443148087;
1749119637;0.7107256;-16.642744;10.859955;19.885288025907574;
1749119645;0.7107256;-16.642744;10.859955;19.885288025907574;
1749119661;0.756884;-16.68563;11.067639;20.036860764534218;
1749119665;0.756884;-16.68563;11.067639;20.036860764534218;
1749119671;0.8200462;-16.730278;11.165075;20.130414419821896;
1749119678;0.82106596;-16.791294;11.269014;20.238883156172363;
1749119684;0.82106596;-16.791294;11.269014;20.238883156172363;
1749119696;0.8873289;-16.927284;11.530387;20.500490896992275;
1749119704;0.93980503;-16.9792;11.650686;20.61346571761552;
1749119716;0.9758001;-17.02752;11.757879;20.71560574664798;
1749119727;1.0292053;-17.081816;11.854943;20.81795791950026;
1749119736;1.0482966;-17.13817;11.946661;20.917421301290805;
1749119744;1.0955378;-17.19861;12.037704;21.0213874027123;
1749119756;1.1469573;-17.257881;12.125059;21.122666312298783;
1749119765;1.200805;-17.310751;12.211838;21.21869489518276;
1749119779;1.2732022;-17.350952;12.288294;21.299735907096636;
1749119784;1.2732022;-17.350952;12.288294;21.299735907096636;
1749119791;1.3228871;-17.37097;12.363899;21.362739178445565;
1749119799;1.4270142;-17.36246;12.4415865;21.40757886797303;
1749119806;1.4563327;-17.339397;12.540231;21.44837978553477;
1749119816;1.5864815;-17.32054;12.652997;21.508517954397192;
1749119826;1.6315212;-17.316694;12.772495;21.579304831387702;
1749119837;1.799409;-17.319338;12.890803;21.664952040650576;
1749119851;1.8528959;-17.31641;13.003947;21.734625022537312;
1749119857;2.027836;-17.305435;13.115948;21.808674665368507;
1749119867;2.0836074;-17.28397;13.226485;21.863598671283377;
1749119876;2.269569;-17.252254;13.337973;21.92470620345185;
1749119887;2.3156872;-17.205395;13.452924;21.96290448754251;
1749119897;2.4759421;-17.15477;13.569752;22.012600527009738;
1749119906;2.5183108;-17.116537;13.700975;22.0688572135648;
1749119916;2.6777;-17.101665;13.850496;22.16919682401717;
1749119928;2.6831527;-17.17039;13.9725685;22.299198271180963;
1749119934;2.8242216;-17.343548;13.984143;22.45731821400958;
1749119944;2.7071064;-17.563616;13.872837;22.54472517045177;
1749119954;3.0365987;-17.798717;13.725286;22.680360205292914;
1749119964;2.9615083;-18.044249;13.604646;22.791485768183;
1749119974;3.2960181;-18.24847;13.541107;22.961532779707877;
1749119983;3.2678657;-18.367413;13.515021;23.03685290488681;
1749119994;3.5785222;-18.384937;13.506294;23.091810768733346;
1749120002;3.632676;-18.296898;13.513514;23.034492729331326;
1749120014;3.9311595;-18.111656;13.550579;22.958752101395163;
1749120025;4.0159607;-17.858011;13.631899;22.82247079125784;
1749120034;4.637676;-17.573526;13.73187;22.779401032087705;
1749120043;4.7289515;-17.315521;13.79026;22.635404507776798;
1749120055;5.1959953;-17.109694;13.762086;22.56401978359382;
1749120063;5.2361994;-16.985079;13.634247;22.400968119505112;
1749120074;5.621465;-16.979773;13.46563;22.38831676206409;
1749120084;5.5798736;-17.09346;13.287372;22.357898191778492;
1749120094;6.073483;-17.302994;13.099895;22.53637117462423;
1749120103;5.9776783;-17.548239;12.886888;22.577537331563843;
1749120114;6.50882;-17.799816;12.647432;22.78498929832238;
1749120123;6.4417577;-18.02502;12.388064;22.800476942288913;
1749120135;6.8474493;-18.215183;12.137483;22.934666947428916;
1749120145;6.81665;-18.344963;11.914943;22.9122291965312;
1749120155;7.095464;-18.407017;11.72067;22.946415356761644;
1749120164;7.064516;-18.402168;11.5284605;22.835336345464427;
1749120175;7.2385893;-18.360231;11.338982;22.761102264107276;
1749120183;7.199226;-18.305607;11.166433;22.61887107841432;
1749120195;7.3014603;-18.263325;11.030138;22.550483301544176;
1749120206;7.2648206;-18.260038;10.918668;22.481635302283397;
1749120215;7.350244;-18.302341;10.813903;22.493160859296044;
1749120224;7.3184233;-18.3821;10.695814;22.491361193953278;
1749120235;7.402947;-18.47882;10.560356;22.534230928161126;
1749120243;7.371141;-18.584024;10.414751;22.542553592899786;
1749120255;7.422976;-18.688713;10.267593;22.57857487079255;
1749120265;7.3847766;-18.795809;10.112378;22.584896384921244;
1749120274;7.4396105;-18.911024;9.95237;22.627953924912145;
1749120283;7.3868284;-19.02338;9.795543;22.63640626345862;
1749120295;7.399978;-19.119364;9.640941;22.655186718398127;
1749120303;7.311713;-19.17997;9.481128;22.610267014076747;
1749120315;7.264277;-19.195454;9.293273;22.529981872765656;
1749120324;7.1616473;-19.162245;9.058962;22.372876616896075;
1749120334;7.0888352;-19.088215;8.77126;22.17084884963386;
1749120344;6.973045;-18.988184;8.435162;21.916350894407763;
1749120354;6.908511;-18.882597;8.071404;21.666277130583815;
1749120364;6.7745376;-18.781847;7.7200203;21.40679446520611;
