1713378219;71.3;-21.5;-5.2000003;74.65239740394235;
1713378229;71.3;-21.5;-5.2000003;74.65239740394235;
1713378239;71.3;-21.5;-5.2000003;74.65239740394235;
1713378249;71.3;-21.5;-5.2000003;74.65239740394235;
1713378259;71.3;-21.5;-5.2000003;74.65239740394235;
1713378269;71.3;-21.6;-5.3;74.68828859789167;
1713378281;71.3;-21.7;-5.3;74.71727022793348;
1713378289;71.3;-21.7;-5.3;74.71727022793348;
1713378299;71.3;-21.800001;-5.4;74.7535315962188;
1713378309;71.3;-21.800001;-5.4;74.7535315962188;
1713378319;71.3;-21.9;-5.4;74.78275482691359;
1713378329;71.3;-21.9;-5.4;74.78275482691359;
1713378339;71.3;-21.9;-5.4;74.78275482691359;
1713378349;71.3;-22.1;-5.5;74.84885070621749;
1713378359;71.3;-22.2;-5.7000003;74.89339404992106;
1713378369;71.3;-22.300001;-5.8;74.93077130547802;
1713378379;71.3;-22.300001;-5.8;74.93077130547802;
1713378389;71.3;-22.300001;-5.8;74.93077130547802;
1713378400;71.3;-22.2;-5.9;74.90888111686438;
1713378409;71.3;-22.300001;-5.9;74.93857809797741;
1713378419;71.200005;-22.300001;-6.0;74.85139078798831;
1713378429;71.1;-22.5;-6.1;74.82425931378498;
1713378439;71.1;-22.6;-6.3;74.87095433254282;
1713378455;71.1;-22.6;-6.3;74.87095433254282;
1713378459;71.0;-22.9;-6.6;74.89305696304456;
1713378469;71.1;-23.0;-6.8;75.03632310830547;
1713378479;71.1;-23.0;-6.9;75.04545145667453;
1713378489;71.1;-23.0;-6.9;75.04545145667453;
1713378500;71.1;-23.0;-6.9;75.04545145667453;
1713378509;71.1;-23.0;-6.9;75.04545145667453;
1713378522;71.1;-23.0;-6.9;75.04545145667453;
1713378529;71.1;-23.0;-6.8;75.03632310830547;
1713378539;71.1;-23.0;-6.8;75.03632310830547;
1713378549;71.1;-23.0;-6.8;75.03632310830547;
1713378559;71.1;-23.0;-6.8;75.03632310830547;
1713378569;71.1;-23.0;-6.7000003;75.02732693394982;
1713378579;71.1;-23.0;-6.7000003;75.02732693394982;
1713378589;71.0;-23.0;-6.7000003;74.93256971326801;
1713378604;71.0;-23.1;-6.8;74.9723283633228;
1713378609;71.0;-23.1;-6.8;74.9723283633228;
1713378619;71.0;-23.1;-6.8;74.9723283633228;
1713378629;71.0;-23.1;-6.8;74.9723283633228;
1713378639;70.9;-23.1;-6.8;74.87763508944127;
1713378650;70.9;-23.1;-6.9;74.88678278113971;
1713378659;70.9;-23.1;-6.9;74.88678278113971;
1713378669;70.9;-23.0;-6.9;74.85599653792409;
1713378679;70.9;-23.0;-6.9;74.85599653792409;
1713378689;70.8;-23.0;-6.8;74.75212662341393;
1713378701;70.700005;-23.0;-6.8;74.65742193427153;
1713378709;70.700005;-23.0;-6.8;74.65742193427153;
1713378719;70.6;-23.1;-6.8;74.59363112735427;
1713378729;70.6;-23.1;-6.8;74.59363112735427;
1713378739;70.5;-23.2;-6.9;74.53925165117008;
1713378755;70.5;-23.300001;-6.9;74.57043686773962;
1713378759;70.4;-23.4;-7.0;74.51657665909626;
1713378769;70.4;-23.5;-7.1;74.55749602480984;
1713378779;70.3;-23.6;-7.3;74.51402854407523;
1713378789;70.3;-23.7;-7.4;74.55561995350804;
1713378800;70.3;-23.7;-7.4;74.55561995350804;
1713378809;70.1;-23.7;-7.6;74.38722888228547;
1713378819;70.1;-23.800001;-7.7000003;74.4294286216926;
1713378829;70.0;-23.800001;-7.8;74.3456794807159;
1713378839;70.0;-23.9;-7.9;74.38830542008974;
1713378854;70.0;-23.9;-7.9;74.38830542008974;
1713378859;70.0;-23.9;-8.0;74.39899180611083;
1713378870;69.9;-24.0;-8.0;74.33713885614561;
1713378879;69.9;-24.1;-8.0;74.36948454645032;
1713378889;69.9;-24.1;-8.0;74.36948454645032;
1713378902;69.8;-24.2;-8.0;74.30801075894624;
1713378909;69.8;-24.2;-8.0;74.30801075894624;
1713378920;69.8;-24.2;-7.9;74.2973112868728;
1713378929;69.8;-24.300001;-8.0;74.34063815736106;
1713378945;69.700005;-24.300001;-8.0;74.24675544251659;
1713378956;69.8;-24.4;-8.1;74.38420809277657;
1713378960;69.8;-24.5;-8.1;74.41707083865374;
1713378971;69.700005;-24.5;-8.3;74.34534713947322;
1713378979;69.700005;-24.5;-8.3;74.34534713947322;
1713378990;69.700005;-24.300001;-8.3;74.27967889609558;
1713378999;69.8;-24.1;-8.3;74.30841437938533;
1713379012;69.8;-24.0;-8.2;74.26493400587755;
1713379020;69.8;-24.0;-8.0;74.24311702794677;
1713379030;69.8;-23.9;-7.9;74.20013752883449;
1713379039;69.8;-23.9;-7.9;74.20013752883449;
1713379049;69.8;-23.9;-7.7000003;74.17911034918876;
1713379059;69.8;-23.800001;-7.5;74.1264492640736;
1713379071;69.8;-23.5;-7.2000003;74.0008812795177;
1713379079;69.8;-23.4;-7.0;73.9499858564734;
1713379092;69.8;-23.300001;-6.9;73.90900135078907;
1713379100;69.8;-23.300001;-6.9;73.90900135078907;
1713379109;69.8;-23.300001;-6.8;73.89973262433946;
1713379120;69.8;-23.300001;-6.7000003;73.89059807031366;
1713379129;69.8;-23.4;-6.7000003;73.9221916071648;
1713379140;69.9;-23.5;-6.7000003;74.04829651755429;
1713379150;69.9;-23.6;-6.8;74.08920457068788;
1713379159;69.9;-23.6;-6.8;74.08920457068788;
1713379171;70.0;-23.7;-6.9;74.22465922777552;
1713379179;70.0;-23.800001;-7.0;74.26600874204752;
1713379190;70.1;-23.9;-7.0;74.39233675478629;
1713379205;70.200005;-24.0;-7.1;74.52818689157813;
1713379209;70.200005;-24.0;-7.1;74.52818689157813;
1713379219;70.3;-23.9;-7.1;74.59028361314017;
1713379229;70.3;-23.9;-7.2000003;74.599868732879;
1713379240;70.4;-23.800001;-7.2000003;74.66217431496021;
1713379250;70.5;-23.7;-7.2000003;74.72469498287165;
1713379259;70.5;-23.7;-7.1;74.71512587695422;
1713379270;70.5;-23.7;-7.1;74.71512587695422;
1713379279;70.6;-23.7;-7.1;74.8094901690622;
1713379290;70.6;-23.7;-7.2000003;74.81904720610324;
1713379302;70.700005;-23.6;-7.2000003;74.88184472489374;
1713379310;70.8;-23.6;-7.2000003;74.97626593965693;
1713379321;70.8;-23.6;-7.2000003;74.97626593965693;
1713379332;70.8;-23.6;-7.2000003;74.97626593965693;
1713379340;70.9;-23.5;-7.2000003;75.0393244938246;
1713379371;70.9;-23.5;-7.1;75.02979551495135;
1713379372;70.9;-23.5;-7.0;75.02039866842638;
1713379379;70.9;-23.4;-6.9;74.97986529617746;
1713379400;70.9;-23.4;-6.9;74.97986529617746;
1713379411;70.9;-23.4;-6.8;74.97072896211456;
1713379420;71.0;-23.6;-6.7000003;75.11890588819263;
1713379430;70.9;-23.7;-6.6;75.04705358156383;
1713379447;70.9;-23.7;-6.6;75.04705358156383;
1713379456;70.9;-23.800001;-6.6;75.07869384575532;
1713379459;70.9;-23.9;-6.5;75.10173232446358;
1713379469;71.0;-23.9;-6.6;75.20485343717449;
1713379489;70.9;-24.0;-6.6;75.14233304277144;
1713379499;70.9;-24.0;-6.6;75.14233304277144;
1713379509;70.9;-23.9;-6.6;75.11045331294791;
1713379519;70.8;-23.9;-6.5;75.00733573387781;
1713379530;70.8;-23.7;-6.4;74.93524183929047;
1713379539;70.700005;-23.7;-6.3;74.83228371394557;
1713379550;70.700005;-23.6;-6.3;74.80067290931602;
1713379560;70.700005;-23.6;-6.3;74.80067290931602;
1713379569;70.700005;-23.6;-6.3;74.80067290931602;
1713379579;70.700005;-23.5;-6.3;74.76918248637678;
1713379589;70.6;-23.5;-6.3;74.67462612527203;
1713379599;70.6;-23.5;-6.3;74.67462612527203;
1713379609;70.5;-23.4;-6.3;74.54864173511464;
1713379712;70.5;-23.4;-6.3;74.54864173511464;
1713379713;70.5;-23.2;-6.3;74.48610634073746;
1713379714;70.4;-23.1;-6.2000003;74.35193498501113;
1713379715;70.3;-22.800001;-6.2000003;74.1644826369731;
1713379734;70.3;-22.7;-6.2000003;74.13380111165404;
1713379735;70.3;-22.7;-6.2000003;74.13380111165404;
1713379735;70.3;-22.6;-6.3;74.11167552230113;
1713379737;70.3;-22.6;-6.3;74.11167552230113;
1713379738;70.3;-22.6;-6.3;74.11167552230113;
1713379739;70.3;-22.6;-6.4;74.1202431697326;
1713379754;70.4;-22.6;-6.4;74.21509437646014;
1713379764;70.4;-22.6;-6.4;74.21509437646014;
1713379772;70.4;-22.6;-6.4;74.21509437646014;
1713379773;70.5;-22.5;-6.5;74.28828979051814;
1713379775;70.5;-22.5;-6.5;74.28828979051814;
1713379776;70.6;-22.4;-6.5;74.35300779024381;
1713379779;70.6;-22.4;-6.5;74.35300779024381;
1713379793;70.6;-22.4;-6.5;74.35300779024381;
1713379800;70.700005;-22.4;-6.5;74.4479726398779;
1713379809;70.700005;-22.5;-6.5;74.47812193710213;
1713379838;70.700005;-22.5;-6.5;74.47812193710213;
1713379839;70.700005;-22.5;-6.5;74.47812193710213;
1713379839;70.700005;-22.5;-6.5;74.47812193710213;
1713379849;70.700005;-22.5;-6.5;74.47812193710213;
1713379874;70.700005;-22.5;-6.5;74.47812193710213;
1713379876;70.700005;-22.5;-6.5;74.47812193710213;
1713379882;70.700005;-22.5;-6.5;74.47812193710213;
1713379896;70.700005;-22.5;-6.5;74.47812193710213;
1713379899;70.700005;-22.5;-6.5;74.47812193710213;
1713379909;70.8;-22.5;-6.5;74.57305433015947;
1713379919;70.8;-22.6;-6.5;74.60328712175722;
1713379929;70.8;-22.6;-6.5;74.60328712175722;
1713379939;70.9;-22.6;-6.5;74.69819431292876;
1713379950;70.9;-22.7;-6.6;74.73727483490572;
1713379959;70.9;-22.7;-6.6;74.73727483490572;
1713379969;70.9;-22.7;-6.6;74.73727483490572;
1713379979;71.0;-22.7;-6.6;74.83214572213336;
