-1966436064;130.6;-29.0;1.8000001;133.79312984789544;
-1966436056;130.6;-28.9;1.9;133.77287308007843;
-1966436045;130.7;-28.9;2.0;133.87195068505414;
-1966436036;130.7;-28.800001;2.0;133.85039883462613;
-1966436027;130.7;-28.800001;2.1000001;133.85193038872956;
-1966436017;130.6;-28.7;2.1000001;133.73279941223043;
-1966436006;130.5;-28.7;2.1000001;133.63513776097042;
-1966435996;130.5;-28.7;2.1000001;133.63513776097042;
-1966435987;130.40001;-28.6;2.1000001;133.51603802583523;
-1966435977;130.40001;-28.5;2.1000001;133.49465303260732;
-1966435967;130.3;-28.4;2.1000001;133.37563785872376;
-1966435957;130.3;-28.300001;2.2;133.35599296721338;
-1966435946;130.2;-28.2;2.3;133.2387678122727;
-1966435936;130.2;-28.1;2.4;133.21940259293552;
-1966435927;130.2;-28.0;2.5;133.20018470453513;
-1966435916;130.2;-28.0;2.6000001;133.20209910532995;
-1966435906;130.3;-28.0;2.6000001;133.29985294827583;
-1966435897;130.3;-28.0;2.6000001;133.29985294827583;
-1966435886;130.3;-28.0;2.6000001;133.29985294827583;
-1966435876;130.3;-28.0;2.6000001;133.29985294827583;
-1966435866;130.2;-28.0;2.5;133.20018470453513;
-1966435857;130.2;-28.0;2.5;133.20018470453513;
-1966435847;130.2;-27.9;2.5;133.17919951717784;
-1966435836;130.2;-27.9;2.5;133.17919951717784;
-1966435827;130.2;-27.9;2.5;133.17919951717784;
-1966435816;130.2;-27.800001;2.5;133.15828652003384;
-1966435806;130.2;-27.800001;2.5;133.15828652003384;
-1966435796;130.2;-27.800001;2.5;133.15828652003384;
-1966435781;130.2;-27.800001;2.5;133.15828652003384;
-1966435776;130.2;-27.7;2.5;133.1374449491544;
-1966435766;130.2;-27.7;2.5;133.1374449491544;
-1966435755;130.2;-27.7;2.5;133.1374449491544;
-1966435746;130.2;-27.6;2.5;133.11667523785067;
-1966435730;130.1;-27.5;2.5;132.99816385249386;
-1966435725;130.1;-27.5;2.5;132.99816385249386;
-1966435716;130.1;-27.5;2.5;132.99816385249386;
-1966435706;130.1;-27.4;2.5;132.9775227894935;
-1966435696;130.0;-27.4;2.5;132.8796823411896;
-1966435685;130.0;-27.4;2.5;132.8796823411896;
-1966435675;130.0;-27.4;2.5;132.8796823411896;
-1966435666;130.0;-27.4;2.5;132.8796823411896;
-1966435656;130.0;-27.4;2.5;132.8796823411896;
-1966435644;130.0;-27.4;2.5;132.8796823411896;
-1966435635;130.0;-27.4;2.5;132.8796823411896;
-1966435625;130.0;-27.300001;2.5;132.85909853105562;
-1966435615;130.0;-27.300001;2.5;132.85909853105562;
-1966435606;129.90001;-27.300001;2.5;132.7612610704827;
-1966435596;129.90001;-27.300001;2.4;132.75941564153794;
-1966435587;129.8;-27.4;2.4;132.6821795562221;
-1966435576;129.8;-27.5;2.4;132.70286655793876;
-1966435565;129.8;-27.5;2.4;132.70286655793876;
-1966435554;129.90001;-27.5;2.5;132.8025315215795;
-1966435545;130.0;-27.5;2.5;132.90033860002012;
-1966435536;130.0;-27.5;2.5;132.90033860002012;
-1966435524;130.1;-27.5;2.4;132.99632171076223;
-1966435516;130.2;-27.6;2.3;133.1130693288982;
-1966435504;130.3;-27.6;2.1000001;133.20758543321037;
-1966435492;130.40001;-27.800001;2.0;133.34542531082403;
-1966435486;130.40001;-27.800001;1.8000001;133.3425755397804;
-1966435474;130.3;-27.800001;1.5;133.24106296077514;
-1966435466;130.3;-27.7;1.4;133.21914591187027;
-1966435453;130.2;-27.7;1.4;133.12133280403395;
-1966435446;130.1;-27.7;1.3000001;133.02252301992928;
-1966435427;130.0;-27.7;1.3000001;132.92471569445922;
-1966435423;130.0;-27.6;1.4;132.9049285052679;
-1966435401;130.0;-27.6;1.4;132.9049285052679;
-1966435400;130.0;-27.6;1.5;132.90601950648107;
-1966435397;129.90001;-27.6;1.6;132.80938370338725;
-1966435386;129.90001;-27.7;1.7;132.83144364558075;
-1966435377;129.8;-27.800001;1.7;132.75455116879277;
-1966435367;129.7;-27.9;1.7;132.67776447939627;
-1966435356;129.7;-27.9;1.8000001;132.67908345834135;
-1966435346;129.6;-27.9;1.9;132.5827347758926;
-1966435337;129.6;-27.800001;1.9;132.561727680239;
-1966435327;129.6;-27.7;1.9;132.54079230262482;
-1966435317;129.6;-27.6;1.9;132.51992907860242;
-1966435304;129.6;-27.6;1.9;132.51992907860242;
-1966435297;129.6;-27.6;1.9;132.51992907860242;
-1966435286;129.5;-27.5;1.9;132.40132174532624;
-1966435277;129.5;-27.5;1.9;132.40132174532624;
-1966435266;129.5;-27.6;1.9;132.42212813939568;
-1966435254;129.5;-27.6;2.0;132.42360069510696;
-1966435246;129.5;-27.6;2.0;132.42360069510696;
-1966435236;129.5;-27.6;2.0;132.42360069510696;
-1966435226;129.5;-27.6;2.1000001;132.4251487507488;
-1966435216;129.5;-27.5;2.1000001;132.4043428313468;
-1966435204;129.5;-27.5;2.2;132.40596663372014;
-1966435196;129.40001;-27.5;2.2;132.30817196830534;
-1966435186;129.40001;-27.5;2.2;132.30817196830534;
-1966435176;129.40001;-27.5;2.2;132.30817196830534;
-1966435165;129.5;-27.5;2.3;132.40766594038524;
-1966435155;129.5;-27.5;2.3;132.40766594038524;
-1966435146;129.5;-27.5;2.3;132.40766594038524;
-1966435136;129.5;-27.5;2.3;132.40766594038524;
-1966435125;129.5;-27.5;2.3;132.40766594038524;
-1966435116;129.5;-27.5;2.3;132.40766594038524;
-1966435102;129.6;-27.5;2.3;132.50547755399376;
-1966435096;129.6;-27.5;2.3;132.50547755399376;
-1966435083;129.6;-27.5;2.4;132.5072510562688;
-1966435075;129.7;-27.6;2.4;132.6258241440517;
-1966435061;129.7;-27.6;2.4;132.6258241440517;
-1966435054;129.7;-27.6;2.4;132.6258241440517;
-1966435046;129.8;-27.7;2.4;132.74445688977355;
-1966435029;129.8;-27.7;2.4;132.74445688977355;
-1966435025;129.90001;-27.7;2.4;132.84224637239743;
-1966435016;129.90001;-27.7;2.4;132.84224637239743;
-1966435007;129.90001;-27.7;2.4;132.84224637239743;
-1966434997;129.90001;-27.7;2.4;132.84224637239743;
-1966434986;129.90001;-27.7;2.4;132.84224637239743;
-1966434977;129.90001;-27.7;2.4;132.84224637239743;
-1966434966;129.90001;-27.7;2.5;132.8440906506833;
-1966434955;130.0;-27.7;2.5;132.9418671535301;
-1966434947;130.0;-27.7;2.5;132.9418671535301;
-1966434936;130.0;-27.7;2.5;132.9418671535301;
-1966434927;130.0;-27.6;2.5;132.92106688203015;
-1966434916;130.0;-27.6;2.5;132.92106688203015;
-1966434906;130.0;-27.6;2.5;132.92106688203015;
-1966434897;130.0;-27.6;2.5;132.92106688203015;
-1966434886;130.0;-27.6;2.5;132.92106688203015;
-1966434876;130.0;-27.6;2.5;132.92106688203015;
-1966434866;130.0;-27.6;2.5;132.92106688203015;
-1966434855;130.0;-27.6;2.5;132.92106688203015;
-1966434845;130.0;-27.6;2.5;132.92106688203015;
-1966434834;130.0;-27.6;2.5;132.92106688203015;
-1966434825;130.0;-27.6;2.5;132.92106688203015;
-1966434814;130.0;-27.6;2.5;132.92106688203015;
-1966434805;130.0;-27.6;2.5;132.92106688203015;
-1966434794;130.0;-27.6;2.5;132.92106688203015;
-1966434784;129.90001;-27.6;2.5;132.82327506727597;
-1966434776;129.90001;-27.6;2.5;132.82327506727597;
-1966434763;129.90001;-27.6;2.5;132.82327506727597;
-1966434754;130.0;-27.6;2.5;132.92106688203015;
-1966434745;130.0;-27.5;2.5;132.90033860002012;
-1966434734;130.0;-27.5;2.5;132.90033860002012;
-1966434726;130.0;-27.5;2.5;132.90033860002012;
-1966434716;130.0;-27.5;2.5;132.90033860002012;
-1966434706;130.0;-27.5;2.5;132.90033860002012;
-1966434696;130.0;-27.5;2.5;132.90033860002012;
-1966434685;130.0;-27.5;2.5;132.90033860002012;
-1966434676;130.0;-27.5;2.5;132.90033860002012;
-1966434666;130.0;-27.5;2.5;132.90033860002012;
-1966434656;130.0;-27.5;2.5;132.90033860002012;
-1966434646;129.90001;-27.5;2.4;132.80068666613846;
-1966434635;129.8;-27.5;2.3;132.70109566999434;
-1966434626;129.8;-27.5;2.3;132.70109566999434;
-1966434616;129.8;-27.5;2.3;132.70109566999434;
-1966434606;129.8;-27.5;2.3;132.70109566999434;
-1966434596;129.8;-27.5;2.3;132.70109566999434;
-1966434586;129.90001;-27.6;2.4;132.82143049995742;
-1966434576;129.90001;-27.6;2.5;132.82327506727597;
-1966434566;130.0;-27.6;2.5;132.92106688203015;
-1966434556;130.0;-27.6;2.5;132.92106688203015;
-1966434546;130.0;-27.6;2.5;132.92106688203015;
-1966434536;129.90001;-27.6;2.5;132.82327506727597;
-1966434526;129.90001;-27.6;2.4;132.82143049995742;
-1966434516;129.90001;-27.6;2.4;132.82143049995742;
-1966434506;129.8;-27.6;2.4;132.7236256804011;
-1966434496;129.8;-27.6;2.4;132.7236256804011;
-1966434486;129.8;-27.6;2.4;132.7236256804011;
-1966434476;129.8;-27.6;2.4;132.7236256804011;
-1966434466;129.8;-27.6;2.4;132.7236256804011;
-1966434456;129.8;-27.6;2.5;132.72547160697326;
-1966434446;129.8;-27.6;2.5;132.72547160697326;
-1966434435;129.8;-27.6;2.6000001;132.72739285481853;
-1966434426;129.8;-27.6;2.6000001;132.72739285481853;
-1966434415;129.8;-27.6;2.6000001;132.72739285481853;
-1966434406;129.8;-27.6;2.6000001;132.72739285481853;
-1966434396;129.8;-27.6;2.6000001;132.72739285481853;
-1966434377;129.90001;-27.6;2.6000001;132.8251949004447;
-1966434376;129.90001;-27.6;2.6000001;132.8251949004447;
-1966434366;129.90001;-27.6;2.6000001;132.8251949004447;
-1966434356;129.90001;-27.6;2.6000001;132.8251949004447;
-1966434346;130.0;-27.6;2.5;132.92106688203015;
-1966434335;130.0;-27.5;2.5;132.90033860002012;
-1966434326;130.0;-27.5;2.5;132.90033860002012;
-1966434316;130.0;-27.5;2.5;132.90033860002012;
-1966434305;130.1;-27.5;2.5;132.99816385249386;
-1966434296;130.1;-27.5;2.5;132.99816385249386;
-1966434285;130.1;-27.5;2.5;132.99816385249386;
-1966434276;130.1;-27.5;2.5;132.99816385249386;
-1966434265;130.0;-27.5;2.5;132.90033860002012;
-1966434256;130.1;-27.5;2.5;132.99816385249386;
-1966434246;130.1;-27.5;2.5;132.99816385249386;
-1966434236;130.1;-27.5;2.5;132.99816385249386;
-1966434226;130.1;-27.5;2.5;132.99816385249386;
-1966434216;130.1;-27.5;2.5;132.99816385249386;
-1966434206;130.1;-27.5;2.5;132.99816385249386;
-1966434196;130.1;-27.5;2.5;132.99816385249386;
-1966434186;130.1;-27.5;2.5;132.99816385249386;
-1966434176;130.1;-27.5;2.5;132.99816385249386;
-1966434165;130.1;-27.5;2.5;132.99816385249386;
-1966434155;130.1;-27.5;2.5;132.99816385249386;
-1966434146;130.1;-27.5;2.5;132.99816385249386;
-1966434124;130.1;-27.5;2.5;132.99816385249386;
-1966434123;130.1;-27.5;2.5;132.99816385249386;
-1966434116;130.1;-27.5;2.5;132.99816385249386;
-1966434106;130.1;-27.5;2.5;132.99816385249386;
-1966434095;130.1;-27.5;2.5;132.99816385249386;
-1966434086;130.1;-27.5;2.5;132.99816385249386;
-1966434075;130.1;-27.5;2.4;132.99632171076223;
-1966434064;130.1;-27.5;2.4;132.99632171076223;
-1966434055;130.1;-27.5;2.4;132.99632171076223;
-1966434044;130.1;-27.5;2.4;132.99632171076223;
-1966434032;130.1;-27.5;2.4;132.99632171076223;
-1966434024;130.1;-27.4;2.4;132.97568036181664;
-1966434015;130.1;-27.4;2.4;132.97568036181664;
-1966434005;130.0;-27.300001;2.4;132.85725446110388;
-1966433996;130.0;-27.300001;2.4;132.85725446110388;
-1966433986;130.0;-27.300001;2.4;132.85725446110388;
-1966433975;130.0;-27.2;2.3;132.83497296000237;
-1966433951;129.90001;-27.2;2.3;132.73711771703003;
-1966433945;129.90001;-27.2;2.2;132.73542262807558;
-1966433944;129.90001;-27.1;2.2;132.71496674989447;
-1966433936;129.90001;-27.1;2.2;132.71496674989447;
-1966433926;129.8;-26.9;1.9;132.57171935078262;
-1966433909;129.7;-26.800001;1.8000001;132.452139544712;
-1966433906;129.7;-26.6;1.7;132.41049516118557;
-1966433891;129.6;-26.4;1.6;132.2712423846014;
-1966433886;129.6;-26.4;1.6;132.2712423846014;
-1966433872;129.6;-26.1;1.6;132.21169238013823;
-1966433860;129.6;-25.9;1.5;132.1711827981847;
-1966433856;129.6;-25.7;1.4;132.13103958260382;
-1966433845;129.7;-25.6;1.3000001;132.20869573553492;
-1966433831;129.8;-25.6;1.1;132.30499163606805;
-1966433826;129.8;-25.6;1.1;132.30499163606805;
-1966433816;129.90001;-25.6;1.1;132.40310569667096;
-1966433807;130.1;-25.7;1.0;132.61787823423316;
-1966433797;130.2;-25.9;0.90000004;132.75413057839864;
-1966433786;130.2;-26.0;0.8;132.7730364394117;
-1966433777;130.2;-26.0;0.8;132.7730364394117;
-1966433766;130.2;-26.0;0.8;132.7730364394117;
-1966433756;130.3;-26.1;0.8;132.89071004107055;
-1966433747;130.3;-26.1;0.90000004;132.89134966304312;
-1966433737;130.3;-26.1;0.90000004;132.89134966304312;
-1966433727;130.40001;-26.1;0.8;132.98876797544668;
-1966433717;130.40001;-26.1;0.8;132.98876797544668;
-1966433707;130.40001;-26.1;0.8;132.98876797544668;
-1966433696;130.40001;-26.1;0.90000004;132.98940712580264;
-1966433686;130.5;-26.1;0.90000004;133.08745252643877;
-1966433677;130.6;-26.2;1.0;133.2058618613173;
-1966433666;130.6;-26.2;1.0;133.2058618613173;
-1966433656;130.6;-26.2;1.0;133.2058618613173;
-1966433647;130.6;-26.2;1.1;133.20665011278078;
-1966433636;130.6;-26.300001;1.3000001;133.2281563882808;
-1966433627;130.6;-26.300001;1.4;133.22916968279688;
-1966433617;130.6;-26.300001;1.5;133.2302580288511;
-1966433605;130.6;-26.300001;1.7;133.23265986460066;
-1966433591;130.6;-26.300001;1.8000001;133.23397335023725;
-1966433585;130.6;-26.300001;1.8000001;133.23397335023725;
-1966433519;130.6;-26.300001;1.9;133.23536187643145;
-1966433518;130.7;-26.300001;2.0;133.33483889241566;
-1966433517;130.7;-26.300001;2.0;133.33483889241566;
-1966433515;130.7;-26.300001;2.1000001;133.33637636844364;
-1966433509;130.7;-26.300001;2.1000001;133.33637636844364;
-1966433506;130.7;-26.300001;2.1000001;133.33637636844364;
-1966433503;130.7;-26.300001;2.1000001;133.33637636844364;
-1966433503;130.6;-26.300001;2.1000001;133.23836405118107;
-1966433496;130.5;-26.300001;2.1000001;133.1403397201492;
-1966433484;130.5;-26.300001;2.1000001;133.1403397201492;
-1966433476;130.5;-26.300001;2.1000001;133.1403397201492;
-1966433463;130.5;-26.300001;2.1000001;133.1403397201492;
-1966433456;130.5;-26.300001;2.1000001;133.1403397201492;
-1966433447;130.5;-26.300001;2.1000001;133.1403397201492;
-1966433437;130.5;-26.300001;2.1000001;133.1403397201492;
-1966433427;130.5;-26.300001;2.1000001;133.1403397201492;
-1966433350;130.5;-26.300001;2.2;133.14195454628768;
-1966433349;130.5;-26.300001;2.2;133.14195454628768;
-1966433349;130.40001;-26.300001;2.2;133.0439493103731;
-1966433348;130.40001;-26.300001;2.2;133.0439493103731;
-1966433348;130.40001;-26.300001;2.2;133.0439493103731;
-1966433348;130.40001;-26.300001;2.2;133.0439493103731;
-1966433347;130.40001;-26.300001;2.2;133.0439493103731;
-1966433346;130.40001;-26.300001;2.2;133.0439493103731;
