1718004705;325.6;-54.0;1.1;330.0493508169072;
1718004717;325.6;-54.0;1.1;330.0493508169072;
1718004725;325.6;-54.0;1.1;330.0493508169072;
1718004735;325.7;-54.0;1.1;330.1480091590933;
1718004745;325.7;-54.0;1.1;330.1480091590933;
1718004755;325.7;-54.0;1.1;330.1480091590933;
1718004765;325.7;-54.0;1.1;330.1480091590933;
1718004776;325.7;-54.0;1.1;330.1480091590933;
1718004787;325.7;-54.0;1.1;330.1480091590933;
1718004795;325.7;-54.100002;1.1;330.1643805733182;
1718004819;325.7;-54.100002;1.1;330.1643805733182;
1718004821;325.7;-54.100002;1.1;330.1643805733182;
1718004825;325.7;-54.2;1.1;330.18078083743063;
1718004835;325.7;-54.2;1.1;330.18078083743063;
1718004845;325.7;-54.2;1.1;330.18078083743063;
1718004855;325.7;-54.2;1.1;330.18078083743063;
1718004865;325.7;-54.2;1.1;330.18078083743063;
1718004875;325.7;-54.2;1.1;330.18078083743063;
1718004885;325.6;-54.2;1.1;330.08213229038086;
1718004895;325.6;-54.2;1.1;330.08213229038086;
1718004905;325.6;-54.2;1.1;330.08213229038086;
1718004915;325.6;-54.2;1.1;330.08213229038086;
1718004925;325.6;-54.2;1.0;330.08181418750115;
1718004935;325.6;-54.2;1.0;330.08181418750115;
1718004945;325.6;-54.2;1.0;330.08181418750115;
1718004955;325.6;-54.2;1.0;330.08181418750115;
1718004965;325.6;-54.2;1.0;330.08181418750115;
1718004975;325.6;-54.2;1.0;330.08181418750115;
1718004985;325.6;-54.2;1.0;330.08181418750115;
1718004995;325.6;-54.2;1.0;330.08181418750115;
1718005005;325.6;-54.2;1.0;330.08181418750115;
1718005016;325.6;-54.2;1.0;330.08181418750115;
1718005025;325.6;-54.2;1.0;330.08181418750115;
1718005035;325.6;-54.3;1.0;330.0982488468459;
1718005045;325.6;-54.4;0.90000004;330.1144258294227;
1718005055;325.5;-54.4;0.90000004;330.015787752768;
1718005065;325.5;-54.4;0.90000004;330.015787752768;
1718005076;325.6;-54.4;0.90000004;330.1144258294227;
1718005102;325.6;-54.3;0.90000004;330.0979610537129;
1718005102;325.6;-54.3;0.90000004;330.0979610537129;
1718005105;325.6;-54.2;1.0;330.08181418750115;
1718005115;325.7;-54.2;1.0;330.180462829591;
1718005127;325.7;-54.100002;1.0;330.16406254968217;
1718005137;325.6;-54.100002;1.0;330.06540900594166;
1718005146;325.6;-54.100002;0.90000004;330.0651211841747;
1718005155;325.5;-54.100002;0.90000004;329.9664683687034;
1718005165;325.5;-54.100002;0.90000004;329.9664683687034;
1718005175;325.6;-54.100002;0.90000004;330.0651211841747;
1718005185;325.6;-54.100002;0.90000004;330.0651211841747;
1718005196;325.6;-54.100002;0.90000004;330.0651211841747;
1718005205;325.6;-54.100002;0.90000004;330.0651211841747;
1718005215;325.6;-54.100002;0.90000004;330.0651211841747;
1718005225;325.6;-54.100002;0.90000004;330.0651211841747;
1718005235;325.6;-54.100002;0.90000004;330.0651211841747;
1718005246;325.6;-54.100002;0.90000004;330.0651211841747;
1718005255;325.6;-54.100002;0.90000004;330.0651211841747;
1718005265;325.6;-54.100002;0.90000004;330.0651211841747;
1718005275;325.6;-54.100002;0.90000004;330.0651211841747;
1718005285;325.6;-54.100002;0.90000004;330.0651211841747;
1718005295;325.6;-54.100002;0.90000004;330.0651211841747;
1718005305;325.6;-54.100002;0.90000004;330.0651211841747;
1718005316;325.6;-54.100002;0.90000004;330.0651211841747;
1718005325;325.6;-54.100002;0.90000004;330.0651211841747;
1718005335;325.6;-54.100002;0.90000004;330.0651211841747;
1718005346;325.6;-54.100002;0.90000004;330.0651211841747;
1718005355;325.6;-54.100002;0.90000004;330.0651211841747;
1718005365;325.6;-54.100002;0.90000004;330.0651211841747;
1718005375;325.6;-54.100002;0.90000004;330.0651211841747;
1718005385;325.6;-54.100002;0.90000004;330.0651211841747;
1718005396;325.6;-54.100002;0.90000004;330.0651211841747;
1718005405;325.6;-54.100002;0.90000004;330.0651211841747;
1718005415;325.6;-54.100002;0.90000004;330.0651211841747;
1718005425;325.5;-54.100002;0.90000004;329.9664683687034;
1718005436;325.5;-54.100002;0.90000004;329.9664683687034;
1718005445;325.5;-54.100002;0.90000004;329.9664683687034;
1718005455;325.5;-54.100002;0.90000004;329.9664683687034;
1718005465;325.5;-54.100002;0.90000004;329.9664683687034;
1718005475;325.5;-54.100002;0.90000004;329.9664683687034;
1718005485;325.5;-54.100002;0.90000004;329.9664683687034;
1718005497;325.5;-54.100002;0.90000004;329.9664683687034;
1718005505;325.5;-54.100002;0.90000004;329.9664683687034;
1718005517;325.5;-54.100002;0.90000004;329.9664683687034;
1718005525;325.5;-54.100002;0.90000004;329.9664683687034;
1718005535;325.5;-54.100002;0.90000004;329.9664683687034;
1718005547;325.5;-54.100002;0.90000004;329.9664683687034;
1718005555;325.5;-54.100002;0.90000004;329.9664683687034;
1718005567;325.5;-54.100002;0.90000004;329.9664683687034;
1718005576;325.5;-54.100002;0.90000004;329.9664683687034;
1718005587;325.5;-54.100002;0.90000004;329.9664683687034;
1718005640;325.5;-54.2;0.90000004;329.9828784691215;
1718005643;325.5;-54.2;0.90000004;329.9828784691215;
1718005644;325.5;-54.2;0.90000004;329.9828784691215;
1718005649;325.5;-54.2;0.90000004;329.9828784691215;
1718005651;325.5;-54.2;0.8;329.98262087983016;
1718005658;325.5;-54.2;0.8;329.98262087983016;
1718005666;325.5;-54.2;0.8;329.98262087983016;
1718005676;325.5;-54.2;0.8;329.98262087983016;
1718005688;325.4;-54.2;0.8;329.88397370977845;
1718005695;325.4;-54.2;0.7;329.88374635698256;
1718005705;325.4;-54.2;0.7;329.88374635698256;
1718005715;325.4;-54.2;0.7;329.88374635698256;
1718005725;325.4;-54.2;0.8;329.88397370977845;
1718005735;325.5;-54.100002;0.8;329.9662107666014;
1718005746;325.5;-54.100002;0.8;329.9662107666014;
1718005755;325.5;-54.100002;0.8;329.9662107666014;
1718005765;325.5;-54.100002;0.8;329.9662107666014;
1718005775;325.5;-54.100002;0.8;329.9662107666014;
1718005785;325.5;-54.100002;0.8;329.9662107666014;
1718005795;325.5;-54.100002;0.8;329.9662107666014;
1718005805;325.5;-54.100002;0.8;329.9662107666014;
1718005815;325.5;-54.100002;0.8;329.9662107666014;
1718005825;325.5;-54.100002;0.8;329.9662107666014;
1718005835;325.5;-54.100002;0.8;329.9662107666014;
1718005845;325.5;-54.100002;0.8;329.9662107666014;
1718005855;325.5;-54.2;0.8;329.98262087983016;
1718005865;325.5;-54.2;0.8;329.98262087983016;
1718005875;325.5;-54.2;0.8;329.98262087983016;
1718005885;325.5;-54.2;0.8;329.98262087983016;
1718005895;325.5;-54.2;0.8;329.98262087983016;
1718005905;325.5;-54.2;0.8;329.98262087983016;
1718005915;325.5;-54.2;0.8;329.98262087983016;
1718005925;325.5;-54.2;0.8;329.98262087983016;
1718005937;325.5;-54.2;0.8;329.98262087983016;
1718005948;325.5;-54.2;0.8;329.98262087983016;
1718005955;325.5;-54.2;0.8;329.98262087983016;
1718005965;325.5;-54.2;0.90000004;329.9828784691215;
1718005975;325.5;-54.2;0.90000004;329.9828784691215;
1718005990;325.5;-54.2;0.90000004;329.9828784691215;
1718005996;325.5;-54.3;0.90000004;329.99931805567286;
1718006007;325.5;-54.3;0.90000004;329.99931805567286;
1718006015;325.5;-54.3;0.8;329.9990604792139;
1718006048;325.5;-54.4;0.6;330.0151059664455;
1718006058;325.5;-54.4;0.6;330.0151059664455;
1718006065;325.4;-54.5;0.6;329.9329720228954;
1718006076;325.4;-54.5;0.5;329.93280532228385;
1718006086;325.4;-54.5;0.5;329.93280532228385;
1718006095;325.4;-54.5;0.5;329.93280532228385;
1718006105;325.4;-54.4;0.6;329.9164685096461;
1718006121;325.4;-54.4;0.6;329.9164685096461;
1718006125;325.4;-54.4;0.6;329.9164685096461;
1718006136;325.4;-54.4;0.6;329.9164685096461;
1718006146;325.4;-54.3;0.6;329.89999385420646;
1718006155;325.4;-54.3;0.7;329.9001908834855;
1718006166;325.30002;-54.2;0.7;329.78513004004304;
1718006175;325.30002;-54.2;0.7;329.78513004004304;
1718006185;325.30002;-54.2;0.8;329.78535746082457;
1718006195;325.30002;-54.2;0.8;329.78535746082457;
1718006206;325.30002;-54.2;0.8;329.78535746082457;
1718006217;325.30002;-54.100002;0.90000004;329.76919528748687;
1718006427;325.30002;-54.100002;0.90000004;329.76919528748687;
1718006427;325.30002;-54.0;0.90000004;329.75280425328685;
1718006428;325.30002;-54.0;0.90000004;329.75280425328685;
1718006428;325.30002;-54.0;0.90000004;329.75280425328685;
1718006428;325.30002;-53.9;1.0;329.73673146516734;
1718006429;325.4;-53.8;1.0;329.8190351476697;
1718006429;325.4;-53.8;1.0;329.8190351476697;
1718006430;325.4;-53.8;1.0;329.8190351476697;
1718006431;325.4;-53.8;1.0;329.8190351476697;
1718006432;325.4;-53.8;1.0;329.8190351476697;
1718006432;325.4;-53.8;1.0;329.8190351476697;
1718006433;325.4;-53.8;1.0;329.8190351476697;
1718006434;325.4;-53.8;1.0;329.8190351476697;
1718006436;325.4;-53.8;1.0;329.8190351476697;
1718006441;325.4;-53.8;1.0;329.8190351476697;
1718006444;325.4;-53.8;1.0;329.8190351476697;
1718006447;325.4;-53.8;1.0;329.8190351476697;
1718006451;325.4;-53.8;1.0;329.8190351476697;
1718006452;325.4;-53.8;1.0;329.8190351476697;
1718006453;325.4;-53.8;1.0;329.8190351476697;
1718006453;325.4;-53.8;1.0;329.8190351476697;
1718006454;325.4;-53.8;1.0;329.8190351476697;
1718006454;325.4;-53.8;1.0;329.8190351476697;
1718006455;325.4;-53.8;1.0;329.8190351476697;
1718006465;325.4;-53.8;1.0;329.8190351476697;
1718006476;325.4;-53.8;1.0;329.8190351476697;
1718006485;325.4;-53.8;1.0;329.8190351476697;
1718006495;325.4;-53.8;0.90000004;329.8187471109005;
1718006514;325.4;-53.8;0.90000004;329.8187471109005;
1718006515;325.4;-53.8;0.90000004;329.8187471109005;
1718006525;325.4;-53.9;0.90000004;329.8350742301161;
1718006535;325.30002;-53.9;0.90000004;329.7364433565029;
1718006545;325.30002;-54.0;0.8;329.75254648427085;
1718006555;325.30002;-54.0;0.8;329.75254648427085;
1718006567;325.30002;-54.100002;0.8;329.7689375312832;
1718006576;325.30002;-54.100002;0.8;329.7689375312832;
