1667364342;47.5;-38.600002;0.7;61.21029469525607;
1667364352;47.5;-38.600002;0.7;61.21029469525607;
1667364363;47.5;-38.600002;0.7;61.21029469525607;
1667364373;47.5;-38.600002;0.7;61.21029469525607;
1667364382;47.5;-38.600002;0.7;61.21029469525607;
1667364392;47.5;-38.600002;0.7;61.21029469525607;
1667364403;47.5;-38.600002;0.7;61.21029469525607;
1667364413;47.5;-38.600002;0.6;61.20923277353992;
1667364422;47.5;-38.600002;0.6;61.20923277353992;
1667364432;47.5;-38.600002;0.6;61.20923277353992;
1667364442;47.5;-38.7;0.6;61.2723433457553;
1667364454;47.5;-38.7;0.6;61.2723433457553;
1667364462;47.600002;-38.7;0.6;61.34990038276865;
1667364472;47.600002;-38.7;0.6;61.34990038276865;
1667364482;47.600002;-38.7;0.6;61.34990038276865;
1667364492;47.600002;-38.7;0.6;61.34990038276865;
1667364502;47.600002;-38.7;0.6;61.34990038276865;
1667364512;47.600002;-38.7;0.6;61.34990038276865;
1667364522;47.600002;-38.7;0.6;61.34990038276865;
1667364535;47.600002;-38.7;0.6;61.34990038276865;
1667364542;47.600002;-38.7;0.6;61.34990038276865;
1667364552;47.600002;-38.8;0.6;61.413029226052856;
1667364564;47.600002;-39.0;0.4;61.537957537606665;
1667364572;47.600002;-39.0;0.4;61.537957537606665;
1667364587;47.600002;-39.0;0.4;61.537957537606665;
1667364592;47.5;-39.0;0.4;61.460637809941154;
1667364602;47.5;-38.9;0.4;61.39723217473365;
1667364612;47.5;-38.8;0.5;61.33465530021261;
1667364622;47.5;-38.7;0.5;61.27144570720944;
1667364633;47.5;-38.600002;0.6;61.20923277353992;
1667364643;47.5;-38.600002;0.6;61.20923277353992;
1667364652;47.5;-38.600002;0.6;61.20923277353992;
1667364668;47.5;-38.600002;0.6;61.20923277353992;
1667364672;47.4;-38.8;0.5;61.257245166994096;
1667364683;47.5;-38.8;0.5;61.33465530021261;
1667364692;47.5;-38.8;0.5;61.33465530021261;
1667364702;47.5;-38.8;0.5;61.33465530021261;
1667364712;47.5;-38.8;0.5;61.33465530021261;
1667364724;47.5;-38.7;0.5;61.27144570720944;
1667364733;47.5;-38.7;0.5;61.27144570720944;
1667364743;47.5;-38.7;0.6;61.2723433457553;
1667364753;47.5;-38.7;0.6;61.2723433457553;
1667364762;47.600002;-38.7;0.6;61.34990038276865;
1667364772;47.600002;-38.7;0.6;61.34990038276865;
1667364783;47.600002;-38.7;0.6;61.34990038276865;
1667364792;47.600002;-38.7;0.6;61.34990038276865;
1667364802;47.600002;-38.7;0.6;61.34990038276865;
1667364812;47.600002;-38.7;0.6;61.34990038276865;
1667364822;47.600002;-38.7;0.6;61.34990038276865;
1667364832;47.600002;-38.600002;0.6;61.28686967549334;
1667364843;47.600002;-38.600002;0.6;61.28686967549334;
1667364852;47.600002;-38.600002;0.6;61.28686967549334;
1667364863;47.600002;-38.5;0.6;61.22393500849258;
1667364872;47.600002;-38.5;0.6;61.22393500849258;
1667364883;47.7;-38.5;0.6;61.30171345739885;
1667364892;47.7;-38.5;0.6;61.30171345739885;
1667364903;47.7;-38.5;0.6;61.30171345739885;
1667364912;47.8;-38.5;0.6;61.37955626339766;
1667364922;47.8;-38.5;0.6;61.37955626339766;
1667364935;47.8;-38.5;0.6;61.37955626339766;
1667364942;47.8;-38.5;0.6;61.37955626339766;
1667364952;47.8;-38.5;0.6;61.37955626339766;
1667364962;47.8;-38.4;0.7;61.317942270055035;
1667364972;47.8;-38.4;0.7;61.317942270055035;
1667364987;47.8;-38.4;0.7;61.317942270055035;
1667364992;47.8;-38.4;0.6;61.316882212642724;
1667365002;47.8;-38.4;0.6;61.316882212642724;
1667365012;47.8;-38.4;0.6;61.316882212642724;
1667365022;47.8;-38.4;0.6;61.316882212642724;
1667365034;47.8;-38.4;0.6;61.316882212642724;
1667365042;47.8;-38.4;0.6;61.316882212642724;
1667365053;47.9;-38.4;0.6;61.394871637583165;
1667365062;47.9;-38.4;0.6;61.394871637583165;
1667365072;47.9;-38.4;0.7;61.39593034843608;
1667365084;47.8;-38.4;0.7;61.317942270055035;
1667365093;47.8;-38.4;0.7;61.317942270055035;
1667365102;47.9;-38.4;0.7;61.39593034843608;
1667365112;47.9;-38.4;0.7;61.39593034843608;
1667365124;47.9;-38.4;0.7;61.39593034843608;
1667365133;47.8;-38.4;0.7;61.317942270055035;
1667365143;47.8;-38.4;0.7;61.317942270055035;
1667365154;47.8;-38.4;0.7;61.317942270055035;
1667365163;47.8;-38.4;0.7;61.317942270055035;
1667365173;47.8;-38.4;0.7;61.317942270055035;
1667365186;47.8;-38.4;0.7;61.317942270055035;
1667365195;47.8;-38.4;0.7;61.317942270055035;
1667365207;47.8;-38.4;0.7;61.317942270055035;
1667365212;47.8;-38.4;0.6;61.316882212642724;
1667365226;47.8;-38.5;0.5;61.378660192798186;
1667365232;47.7;-38.600002;0.4;61.362938729219735;
1667365243;47.7;-38.600002;0.4;61.362938729219735;
1667365253;47.7;-38.600002;0.5;61.36367206646948;
1667365263;47.8;-38.5;0.6;61.37955626339766;
1667365275;47.8;-38.5;0.6;61.37955626339766;
1667365282;47.8;-38.4;0.6;61.316882212642724;
1667365294;47.8;-38.4;0.6;61.316882212642724;
1667365303;47.8;-38.4;0.6;61.316882212642724;
1667365312;47.8;-38.4;0.6;61.316882212642724;
1667365326;47.8;-38.5;0.6;61.37955626339766;
1667365332;47.8;-38.5;0.6;61.37955626339766;
1667365343;47.8;-38.5;0.6;61.37955626339766;
1667365355;47.8;-38.5;0.6;61.37955626339766;
1667365362;47.8;-38.5;0.6;61.37955626339766;
1667365373;47.8;-38.5;0.6;61.37955626339766;
1667365383;47.8;-38.5;0.6;61.37955626339766;
1667365393;47.8;-38.4;0.6;61.316882212642724;
1667365403;47.8;-38.4;0.6;61.316882212642724;
1667365412;47.8;-38.4;0.6;61.316882212642724;
1667365422;47.8;-38.4;0.6;61.316882212642724;
1667365432;47.8;-38.4;0.6;61.316882212642724;
1667365442;47.8;-38.4;0.6;61.316882212642724;
1667365453;47.8;-38.4;0.6;61.316882212642724;
1667365462;47.8;-38.4;0.6;61.316882212642724;
1667365472;47.8;-38.4;0.6;61.316882212642724;
1667365483;47.8;-38.4;0.6;61.316882212642724;
1667365492;47.8;-38.4;0.6;61.316882212642724;
1667365502;47.8;-38.4;0.6;61.316882212642724;
1667365512;47.8;-38.4;0.6;61.316882212642724;
1667365522;47.8;-38.4;0.6;61.316882212642724;
1667365533;47.8;-38.4;0.6;61.316882212642724;
1667365549;47.8;-38.4;0.6;61.316882212642724;
1667365557;47.8;-38.4;0.6;61.316882212642724;
1667365564;47.8;-38.4;0.5;61.31598522612591;
1667365575;47.8;-38.4;0.5;61.31598522612591;
1667365586;47.8;-38.4;0.5;61.31598522612591;
1667365594;47.8;-38.5;0.5;61.378660192798186;
1667365605;47.8;-38.5;0.5;61.378660192798186;
1667365614;47.8;-38.5;0.5;61.378660192798186;
1667365624;47.8;-38.5;0.4;61.37792703462505;
1667365657;47.7;-38.600002;0.4;61.362938729219735;
1667365658;47.7;-38.7;0.4;61.42589138010703;
1667365663;47.7;-38.7;0.4;61.42589138010703;
1667365694;47.600002;-38.7;0.4;61.3482703664235;
1667365708;47.600002;-38.7;0.3;61.34769985055821;
1667365713;47.600002;-38.8;0.3;61.41083095593614;
1667365722;47.600002;-38.8;0.3;61.41083095593614;
1667365734;47.600002;-38.8;0.3;61.41083095593614;
1667365743;47.600002;-38.9;0.3;61.47406230774119;
1667365753;47.600002;-39.0;0.2;61.53698252186814;
1667365763;47.600002;-39.100002;0.2;61.60040906424491;
1667365772;47.600002;-39.100002;0.2;61.60040906424491;
1667365783;47.5;-39.100002;0.2;61.523167823079405;
1667365793;47.5;-39.100002;0.2;61.523167823079405;
1667365803;47.600002;-39.100002;0.2;61.60040906424491;
1667365812;47.600002;-39.100002;0.2;61.60040906424491;
1667365822;47.600002;-39.100002;0.2;61.60040906424491;
1667365833;47.600002;-39.0;0.2;61.53698252186814;
1667365843;47.600002;-38.9;0.3;61.47406230774119;
1667365853;47.600002;-38.9;0.3;61.47406230774119;
1667365863;47.600002;-38.9;0.3;61.47406230774119;
1667365873;47.600002;-38.8;0.4;61.411400885309405;
1667365883;47.600002;-38.7;0.4;61.3482703664235;
1667365893;47.5;-38.600002;0.4;61.20759901108318;
1667365903;47.5;-38.5;0.5;61.14531870879405;
1667366054;47.5;-38.4;0.5;61.08240431734414;
1667366058;47.600002;-38.3;0.6;61.09836462200082;
1667366059;47.600002;-38.3;0.6;61.09836462200082;
1667366067;47.600002;-38.2;0.6;61.035729505042355;
1667366082;47.600002;-38.2;0.6;61.035729505042355;
1667366083;47.600002;-38.2;0.6;61.035729505042355;
1667366083;47.600002;-38.2;0.6;61.035729505042355;
1667366084;47.600002;-38.3;0.6;61.09836462200082;
1667366084;47.600002;-38.3;0.6;61.09836462200082;
1667366084;47.600002;-38.3;0.6;61.09836462200082;
1667366085;47.600002;-38.3;0.6;61.09836462200082;
1667366087;47.600002;-38.3;0.6;61.09836462200082;
1667366088;47.600002;-38.3;0.6;61.09836462200082;
1667366096;47.600002;-38.3;0.6;61.09836462200082;
1667366116;47.600002;-38.3;0.6;61.09836462200082;
1667366125;47.600002;-38.3;0.6;61.09836462200082;
1667366132;47.600002;-38.3;0.6;61.09836462200082;
1667366142;47.600002;-38.3;0.6;61.09836462200082;
1667366152;47.600002;-38.3;0.6;61.09836462200082;
1667366162;47.600002;-38.3;0.6;61.09836462200082;
1667366172;47.600002;-38.3;0.6;61.09836462200082;
1667366182;47.600002;-38.3;0.6;61.09836462200082;
1667366192;47.600002;-38.3;0.6;61.09836462200082;
1667366202;47.600002;-38.3;0.6;61.09836462200082;
1667366213;47.600002;-38.3;0.6;61.09836462200082;
1667366222;47.600002;-38.3;0.6;61.09836462200082;
1667366232;47.600002;-38.3;0.6;61.09836462200082;
1667366242;47.600002;-38.3;0.6;61.09836462200082;
1667366252;47.600002;-38.3;0.6;61.09836462200082;
1667366262;47.600002;-38.3;0.6;61.09836462200082;
1667366272;47.600002;-38.3;0.6;61.09836462200082;
1667366282;47.600002;-38.3;0.6;61.09836462200082;
1667366292;47.600002;-38.3;0.6;61.09836462200082;
1667366302;47.600002;-38.3;0.6;61.09836462200082;
1667366316;47.600002;-38.3;0.6;61.09836462200082;
1667366323;47.600002;-38.3;0.6;61.09836462200082;
1667366333;47.600002;-38.3;0.6;61.09836462200082;
1667366342;47.600002;-38.3;0.6;61.09836462200082;
1667366352;47.600002;-38.3;0.6;61.09836462200082;
1667366363;47.7;-38.4;0.6;61.2389597396995;
1667366374;47.600002;-38.4;0.6;61.16110148706959;
