1667359986;48.0;-38.7;0.4;61.65914416415689;
1667359995;48.0;-38.7;0.4;61.65914416415689;
1667360003;48.0;-38.7;0.5;61.65987397855687;
1667360012;48.0;-38.5;0.5;61.53454314448105;
1667360022;48.0;-38.4;0.6;61.472921821043386;
1667360033;47.9;-38.4;0.6;61.394871637583165;
1667360042;47.9;-38.4;0.6;61.394871637583165;
1667360052;47.9;-38.4;0.6;61.394871637583165;
1667360062;47.8;-38.4;0.6;61.316882212642724;
1667360072;47.8;-38.4;0.6;61.316882212642724;
1667360082;47.8;-38.4;0.6;61.316882212642724;
1667360092;47.8;-38.5;0.6;61.37955626339766;
1667360102;47.8;-38.5;0.6;61.37955626339766;
1667360111;47.8;-38.5;0.6;61.37955626339766;
1667360121;47.9;-38.4;0.6;61.394871637583165;
1667360132;47.9;-38.4;0.7;61.39593034843608;
1667360142;47.9;-38.4;0.7;61.39593034843608;
1667360151;47.9;-38.3;0.7;61.3334336860521;
1667360162;47.9;-38.3;0.7;61.3334336860521;
1667360172;47.9;-38.3;0.7;61.3334336860521;
1667360182;47.9;-38.3;0.7;61.3334336860521;
1667360191;47.9;-38.3;0.7;61.3334336860521;
1667360201;47.9;-38.3;0.7;61.3334336860521;
1667360211;47.9;-38.3;0.7;61.3334336860521;
1667360223;47.9;-38.3;0.7;61.3334336860521;
1667360232;47.9;-38.3;0.7;61.3334336860521;
1667360241;47.9;-38.3;0.7;61.3334336860521;
1667360252;47.9;-38.3;0.7;61.3334336860521;
1667360262;48.0;-38.3;0.7;61.411561953284895;
1667360272;48.0;-38.3;0.7;61.411561953284895;
1667360285;48.0;-38.3;0.7;61.411561953284895;
1667360292;48.0;-38.3;0.7;61.411561953284895;
1667360302;48.0;-38.2;0.8;61.35046909606844;
1667360312;48.100002;-38.2;0.8;61.42874146921764;
1667360325;48.100002;-38.2;0.8;61.42874146921764;
1667360344;48.100002;-38.2;0.8;61.42874146921764;
1667360345;48.100002;-38.2;0.8;61.42874146921764;
1667360353;48.100002;-38.2;0.8;61.42874146921764;
1667360362;48.100002;-38.2;0.8;61.42874146921764;
1667360373;48.100002;-38.2;0.8;61.42874146921764;
1667360382;48.100002;-38.2;0.8;61.42874146921764;
1667360392;48.100002;-38.2;0.8;61.42874146921764;
1667360402;48.100002;-38.2;0.90000004;61.43012517110216;
1667360412;48.100002;-38.2;0.90000004;61.43012517110216;
1667360422;48.100002;-38.100002;0.90000004;61.36799161335385;
1667360432;48.100002;-38.100002;0.90000004;61.36799161335385;
1667360442;48.100002;-38.100002;0.90000004;61.36799161335385;
1667360454;48.100002;-38.100002;0.90000004;61.36799161335385;
1667360461;48.100002;-38.100002;0.90000004;61.36799161335385;
1667360472;48.100002;-38.100002;0.90000004;61.36799161335385;
1667360482;48.100002;-38.100002;0.90000004;61.36799161335385;
1667360492;48.100002;-38.100002;0.90000004;61.36799161335385;
1667360502;48.100002;-38.100002;0.90000004;61.36799161335385;
1667360512;48.100002;-38.100002;0.90000004;61.36799161335385;
1667360522;48.100002;-38.100002;0.90000004;61.36799161335385;
1667360533;48.100002;-38.100002;0.90000004;61.36799161335385;
1667360542;48.100002;-38.100002;0.90000004;61.36799161335385;
1667360552;48.100002;-38.100002;0.90000004;61.36799161335385;
1667360561;48.100002;-38.100002;0.90000004;61.36799161335385;
1667360572;48.100002;-38.100002;0.90000004;61.36799161335385;
1667360582;48.100002;-38.100002;0.90000004;61.36799161335385;
1667360592;48.100002;-38.100002;0.90000004;61.36799161335385;
1667360603;48.100002;-38.100002;0.90000004;61.36799161335385;
1667360612;48.100002;-38.100002;0.90000004;61.36799161335385;
1667360626;48.100002;-38.100002;0.90000004;61.36799161335385;
1667360632;48.100002;-38.2;0.8;61.42874146921764;
1667360642;48.0;-38.3;0.7;61.411561953284895;
1667360653;48.0;-38.3;0.6;61.410503511919266;
1667360662;48.0;-38.4;0.6;61.472921821043386;
1667360672;48.0;-38.4;0.6;61.472921821043386;
1667360682;48.100002;-38.3;0.7;61.48975655933662;
1667360692;48.100002;-38.2;0.8;61.42874146921764;
1667360703;48.100002;-38.100002;0.8;61.366606510474156;
1667360713;48.2;-38.100002;0.8;61.44501808913723;
1667360726;48.2;-38.100002;0.90000004;61.44640142449109;
1667360732;48.2;-38.100002;0.90000004;61.44640142449109;
1667360742;48.2;-38.100002;0.90000004;61.44640142449109;
1667360753;48.2;-38.100002;0.8;61.44501808913723;
1667360762;48.2;-38.100002;0.8;61.44501808913723;
1667360772;48.2;-38.2;0.8;61.50707383590128;
1667360781;48.2;-38.2;0.8;61.50707383590128;
1667360792;48.2;-38.2;0.8;61.50707383590128;
1667360808;48.2;-38.2;0.8;61.50707383590128;
1667360811;48.2;-38.2;0.8;61.50707383590128;
1667360825;48.2;-38.2;0.8;61.50707383590128;
1667360832;48.2;-38.2;0.8;61.50707383590128;
1667360842;48.2;-38.2;0.8;61.50707383590128;
1667360852;48.2;-38.2;0.8;61.50707383590128;
1667360861;48.2;-38.2;0.8;61.50707383590128;
1667360871;48.2;-38.2;0.8;61.50707383590128;
1667360882;48.2;-38.2;0.8;61.50707383590128;
1667360891;48.2;-38.2;0.8;61.50707383590128;
1667360903;48.2;-38.2;0.8;61.50707383590128;
1667360912;48.2;-38.2;0.8;61.50707383590128;
1667360922;48.2;-38.2;0.8;61.50707383590128;
1667360933;48.2;-38.2;0.8;61.50707383590128;
1667360942;48.2;-38.2;0.8;61.50707383590128;
1667360952;48.2;-38.2;0.8;61.50707383590128;
1667360962;48.2;-38.2;0.8;61.50707383590128;
1667360972;48.2;-38.2;0.8;61.50707383590128;
1667360982;48.2;-38.3;0.8;61.569229450475305;
1667360992;48.2;-38.3;0.8;61.569229450475305;
1667361003;48.2;-38.3;0.7;61.56801129717861;
1667361014;48.2;-38.3;0.7;61.56801129717861;
1667361024;48.2;-38.4;0.7;61.63027008474145;
1667361050;48.100002;-38.4;0.6;61.551038475402216;
1667361056;48.100002;-38.600002;0.6;61.67601151914514;
1667361062;48.100002;-38.600002;0.6;61.67601151914514;
1667361075;48.100002;-38.7;0.6;61.73864494191994;
1667361093;48.100002;-38.7;0.5;61.73775408318516;
1667361102;48.0;-38.8;0.6;61.723576863500945;
1667361114;48.0;-38.8;0.6;61.723576863500945;
1667361122;48.0;-38.9;0.5;61.785597987827074;
1667361134;48.0;-39.100002;0.5;61.91171277703114;
1667361143;48.0;-39.2;0.4;61.974188658014896;
1667361152;47.9;-39.4;0.4;62.0236266790586;
1667361162;47.9;-39.4;0.3;62.02306237542302;
1667361172;47.9;-39.5;0.3;62.086634199208724;
1667361182;47.8;-39.5;0.3;62.00951481079449;
1667361192;47.8;-39.5;0.3;62.00951481079449;
1667361202;47.8;-39.5;0.3;62.00951481079449;
1667361213;47.8;-39.5;0.4;62.010079237715516;
1667361223;47.8;-39.4;0.4;61.94642885031402;
1667361232;47.7;-39.4;0.4;61.8692992770118;
1667361243;47.7;-39.3;0.4;61.805663274672106;
1667361252;47.7;-39.3;0.4;61.805663274672106;
1667361262;47.7;-39.2;0.5;61.742854911308385;
1667361273;47.7;-39.100002;0.5;61.67941513803471;
1667361283;47.7;-39.0;0.5;61.616069923230455;
1667361292;47.7;-38.9;0.5;61.55282439902986;
1667361302;47.7;-38.8;0.6;61.49056849313506;
1667361312;47.7;-38.8;0.6;61.49056849313506;
1667361505;47.7;-38.600002;0.6;61.36456835593172;
1667361506;47.7;-38.5;0.7;61.30277377711171;
1667361506;47.7;-38.4;0.7;61.24002114594048;
1667361509;47.8;-38.4;0.7;61.317942270055035;
1667361511;47.8;-38.4;0.7;61.317942270055035;
1667361516;47.8;-38.4;0.7;61.317942270055035;
1667361520;47.8;-38.4;0.7;61.317942270055035;
1667361522;47.8;-38.4;0.7;61.317942270055035;
1667361523;47.8;-38.4;0.7;61.317942270055035;
1667361526;47.8;-38.4;0.7;61.317942270055035;
1667361527;47.8;-38.4;0.7;61.317942270055035;
1667361537;47.8;-38.4;0.7;61.317942270055035;
1667361538;47.8;-38.4;0.7;61.317942270055035;
1667361539;47.8;-38.4;0.7;61.317942270055035;
1667361540;47.8;-38.4;0.7;61.317942270055035;
1667361541;47.8;-38.5;0.7;61.38061523841464;
1667361541;47.8;-38.5;0.7;61.38061523841464;
1667361543;47.8;-38.5;0.7;61.38061523841464;
1667361546;47.8;-38.5;0.7;61.38061523841464;
1667361547;47.8;-38.5;0.7;61.38061523841464;
1667361547;47.8;-38.5;0.7;61.38061523841464;
1667361548;47.8;-38.5;0.7;61.38061523841464;
1667361552;47.8;-38.5;0.7;61.38061523841464;
1667361563;47.8;-38.5;0.7;61.38061523841464;
1667361574;47.8;-38.5;0.7;61.38061523841464;
1667361583;47.8;-38.4;0.6;61.316882212642724;
1667361595;47.8;-38.5;0.6;61.37955626339766;
