1669184522;78.4;-42.7;-2.7;89.31483809911059;
1669184533;78.5;-42.7;-2.7;89.402628962534;
1669184542;78.5;-42.7;-2.7;89.402628962534;
1669184552;78.5;-42.7;-2.7;89.402628962534;
1669184561;78.5;-42.7;-2.7;89.402628962534;
1669184572;78.5;-42.7;-2.7;89.402628962534;
1669184582;78.5;-42.8;-2.7;89.45043283824778;
1669184592;78.5;-42.8;-2.7;89.45043283824778;
1669184602;78.5;-42.8;-2.7;89.45043283824778;
1669184612;78.5;-42.7;-2.7;89.402628962534;
1669184621;78.5;-42.7;-2.7;89.402628962534;
1669184632;78.5;-42.7;-2.7;89.402628962534;
1669184642;78.5;-42.7;-2.7;89.402628962534;
1669184651;78.5;-42.7;-2.8;89.40570487887226;
1669184661;78.5;-42.7;-2.8;89.40570487887226;
1669184671;78.5;-42.7;-2.8;89.40570487887226;
1669184682;78.5;-42.7;-2.8;89.40570487887226;
1669184691;78.5;-42.7;-2.8;89.40570487887226;
1669184701;78.5;-42.600002;-2.8;89.35798898106593;
1669184711;78.5;-42.600002;-2.8;89.35798898106593;
1669184721;78.5;-42.600002;-2.8;89.35798898106593;
1669184734;78.5;-42.600002;-2.8;89.35798898106593;
1669184742;78.5;-42.600002;-2.8;89.35798898106593;
1669184751;78.5;-42.600002;-2.8;89.35798898106593;
1669184761;78.5;-42.600002;-2.8;89.35798898106593;
1669184772;78.5;-42.600002;-2.9;89.36117834697828;
1669184784;78.5;-42.600002;-2.9;89.36117834697828;
1669184792;78.4;-42.600002;-2.9;89.27334672128224;
1669184802;78.4;-42.600002;-2.9;89.27334672128224;
1669184826;78.4;-42.600002;-2.9;89.27334672128224;
1669184834;78.4;-42.4;-2.8;89.1748864220489;
1669184834;78.4;-42.4;-2.8;89.1748864220489;
1669184858;78.4;-42.4;-2.8;89.1748864220489;
1669184865;78.4;-42.4;-2.8;89.1748864220489;
1669184875;78.3;-42.4;-2.8;89.08698337598365;
1669184889;78.200005;-42.3;-2.9;88.95471124089414;
1669184890;78.200005;-42.3;-2.9;88.95471124089414;
1669184893;78.200005;-42.3;-2.9;88.95471124089414;
1669184905;78.200005;-42.3;-2.9;88.95471124089414;
1669184921;78.200005;-42.3;-2.8;88.95150730106094;
1669184923;78.3;-42.3;-2.8;89.039431787796;
1669184932;78.3;-42.3;-2.8;89.039431787796;
1669184946;78.3;-42.3;-2.8;89.039431787796;
1669184952;78.3;-42.3;-2.8;89.039431787796;
1669184962;78.200005;-42.4;-2.8;88.99910586668784;
1669184972;78.200005;-42.4;-2.8;88.99910586668784;
1669184981;78.200005;-42.4;-2.8;88.99910586668784;
1669184992;78.1;-42.4;-2.8;88.91124726819;
1669185001;78.1;-42.4;-2.8;88.91124726819;
1669185012;78.1;-42.4;-2.8;88.91124726819;
1669185022;78.1;-42.4;-2.8;88.91124726819;
1669185031;78.1;-42.4;-2.8;88.91124726819;
1669185042;78.1;-42.4;-2.8;88.91124726819;
1669185052;78.1;-42.4;-2.8;88.91124726819;
1669185061;78.1;-42.4;-2.9;88.91445265875161;
1669185072;78.1;-42.4;-2.9;88.91445265875161;
1669185081;78.1;-42.4;-2.9;88.91445265875161;
1669185092;78.1;-42.4;-2.9;88.91445265875161;
1669185101;78.1;-42.4;-2.9;88.91445265875161;
1669185111;78.1;-42.4;-2.9;88.91445265875161;
1669185121;78.1;-42.4;-2.8;88.91124726819;
1669185131;78.1;-42.4;-2.8;88.91124726819;
1669185142;78.1;-42.4;-2.8;88.91124726819;
1669185151;78.1;-42.5;-2.8;88.9589779695714;
1669185161;78.1;-42.5;-2.8;88.9589779695714;
1669185171;78.1;-42.600002;-2.9;89.00999919794505;
1669185185;78.1;-42.600002;-2.9;89.00999919794505;
1669185194;78.0;-42.7;-2.9;88.97022010598917;
1669185203;78.0;-42.7;-2.9;88.97022010598917;
1669185214;78.0;-42.7;-2.9;88.97022010598917;
1669185222;78.0;-42.600002;-2.9;88.92227052634486;
1669185232;78.1;-42.600002;-2.9;89.00999919794505;
1669185241;78.1;-42.600002;-2.9;89.00999919794505;
1669185251;78.1;-42.600002;-2.8;89.00679724828896;
1669185261;78.1;-42.600002;-2.8;89.00679724828896;
1669185272;78.1;-42.600002;-2.8;89.00679724828896;
1669185282;78.1;-42.7;-2.8;89.0547013163579;
1669185291;78.1;-42.7;-2.9;89.05790154369166;
1669185301;78.1;-42.7;-2.9;89.05790154369166;
1669185313;78.1;-42.7;-2.9;89.05790154369166;
1669185321;78.1;-42.7;-2.9;89.05790154369166;
1669185332;78.1;-42.7;-2.9;89.05790154369166;
1669185342;78.1;-42.7;-2.9;89.05790154369166;
1669185351;78.1;-42.7;-2.9;89.05790154369166;
1669185362;78.1;-42.7;-2.9;89.05790154369166;
1669185372;78.1;-42.7;-2.9;89.05790154369166;
1669185382;78.1;-42.7;-2.9;89.05790154369166;
1669185391;78.1;-42.7;-3.0;89.06121393071592;
1669185402;78.1;-42.7;-3.0;89.06121393071592;
1669185412;78.1;-42.7;-3.0;89.06121393071592;
1669185421;78.1;-42.7;-3.0;89.06121393071592;
1669185432;78.1;-42.7;-3.0;89.06121393071592;
1669185441;78.0;-42.7;-3.0;88.97353575729713;
1669185451;78.0;-42.600002;-3.0;88.92558796548566;
1669185462;78.0;-42.600002;-3.0;88.92558796548566;
1669185472;78.0;-42.600002;-3.0;88.92558796548566;
1669185482;78.0;-42.600002;-3.0;88.92558796548566;
1669185492;78.0;-42.600002;-3.0;88.92558796548566;
1669185501;78.0;-42.600002;-3.0;88.92558796548566;
1669185512;77.9;-42.7;-3.0;88.88588359737989;
1669185521;77.8;-42.7;-3.1000001;88.8016922186479;
1669185532;77.8;-42.7;-3.1000001;88.8016922186479;
1669185542;77.8;-42.7;-3.1000001;88.8016922186479;
1669185552;77.9;-42.7;-3.0;88.88588359737989;
1669185562;77.9;-42.600002;-3.0;88.8378884977534;
1669185572;77.9;-42.600002;-3.0;88.8378884977534;
1669185584;77.9;-42.600002;-3.0;88.8378884977534;
1669185592;77.9;-42.600002;-3.0;88.8378884977534;
1669185602;77.9;-42.600002;-3.0;88.8378884977534;
1669185612;77.9;-42.600002;-3.1000001;88.8413216562326;
1669185621;77.9;-42.600002;-3.1000001;88.8413216562326;
1669185631;77.9;-42.7;-3.1000001;88.88931490215167;
1669185641;77.9;-42.7;-3.0;88.88588359737989;
1669185651;78.0;-42.7;-3.0;88.97353575729713;
1669185662;78.0;-42.7;-3.0;88.97353575729713;
1669185672;78.0;-42.7;-3.0;88.97353575729713;
1669185681;78.0;-42.7;-3.0;88.97353575729713;
1669185691;78.0;-42.7;-3.0;88.97353575729713;
1669185701;78.0;-42.7;-3.0;88.97353575729713;
1669185712;78.0;-42.7;-3.0;88.97353575729713;
1669185722;78.0;-42.7;-3.0;88.97353575729713;
1669185732;78.0;-42.7;-3.0;88.97353575729713;
1669185741;78.0;-42.7;-3.0;88.97353575729713;
1669185751;78.0;-42.7;-3.0;88.97353575729713;
1669185763;78.0;-42.7;-3.0;88.97353575729713;
1669185782;78.0;-42.7;-3.0;88.97353575729713;
1669185789;78.0;-42.7;-3.0;88.97353575729713;
1669185794;78.0;-42.7;-3.0;88.97353575729713;
1669185804;78.1;-42.7;-3.0;89.06121393071592;
1669185814;78.1;-42.7;-3.0;89.06121393071592;
1669185824;78.200005;-42.7;-2.9;89.1456156053149;
1669185836;78.200005;-42.7;-2.9;89.1456156053149;
1669185843;78.3;-42.8;-2.9;89.28124334456145;
1669185853;78.3;-42.8;-2.8;89.27805112305397;
1669185865;78.4;-42.8;-2.7;89.36268893787658;
1669185876;78.4;-42.8;-2.6000001;89.35972344794978;
1669185908;78.4;-42.8;-2.6000001;89.35972344794978;
1669185909;78.4;-42.9;-2.6000001;89.40766393840124;
1669185912;78.5;-42.9;-2.5;89.49251438483786;
1669185923;78.6;-43.0;-2.4;89.62544148058409;
1669185952;78.6;-43.0;-2.4;89.62544148058409;
1669185962;78.6;-43.0;-2.4;89.62544148058409;
1669185972;78.6;-43.0;-2.4;89.62544148058409;
1669185983;78.6;-43.0;-2.4;89.62544148058409;
1669185992;78.6;-43.0;-2.4;89.62544148058409;
1669186003;78.6;-43.0;-2.4;89.62544148058409;
1669186012;78.6;-43.0;-2.4;89.62544148058409;
1669186025;78.5;-43.0;-2.5;89.5404936327693;
1669186032;78.5;-42.9;-2.5;89.49251438483786;
1669186042;78.5;-42.9;-2.5;89.49251438483786;
1669186052;78.4;-42.9;-2.5;89.40481178425593;
1669186063;78.4;-42.9;-2.5;89.40481178425593;
1669186072;78.4;-42.8;-2.6000001;89.35972344794978;
1669186083;78.3;-42.8;-2.6000001;89.27200240468191;
1669186251;78.200005;-42.7;-2.7;89.1393335254136;
1669186253;78.1;-42.7;-2.8;89.0547013163579;
1669186254;78.1;-42.7;-2.8;89.0547013163579;
1669186261;78.1;-42.600002;-2.8;89.00679724828896;
1669186262;78.0;-42.600002;-2.8;88.91906541760491;
1669186262;78.1;-42.600002;-2.8;89.00679724828896;
1669186264;78.1;-42.5;-2.8;88.9589779695714;
1669186266;78.1;-42.5;-2.8;88.9589779695714;
1669186270;78.1;-42.5;-2.8;88.9589779695714;
1669186270;78.1;-42.5;-2.8;88.9589779695714;
1669186283;78.1;-42.4;-2.8;88.91124726819;
1669186286;78.1;-42.4;-2.8;88.91124726819;
1669186286;78.0;-42.4;-2.8;88.82342106183202;
1669186287;78.0;-42.5;-2.9;88.8744057676513;
1669186287;78.1;-42.5;-2.9;88.96218164035125;
1669186289;78.1;-42.5;-2.9;88.96218164035125;
1669186289;78.1;-42.4;-2.9;88.91445265875161;
1669186292;78.1;-42.4;-2.9;88.91445265875161;
1669186331;78.1;-42.4;-2.9;88.91445265875161;
1669186332;78.1;-42.4;-2.9;88.91445265875161;
1669186342;78.1;-42.4;-2.9;88.91445265875161;
1669186362;78.1;-42.4;-2.9;88.91445265875161;
1669186372;78.1;-42.4;-2.9;88.91445265875161;
1669186392;78.1;-42.4;-2.9;88.91445265875161;
1669186402;78.1;-42.4;-2.9;88.91445265875161;
