1669160838;78.0;-43.9;-3.0;89.55562592027466;
1669160842;77.9;-43.9;-3.0;89.46854403478413;
1669160852;77.9;-44.0;-3.0;89.51765321841238;
1669160861;77.9;-44.0;-3.0;89.51765321841238;
1669160872;77.9;-44.0;-3.0;89.51765321841238;
1669160882;78.0;-44.0;-3.0;89.60468737739114;
1669160891;78.0;-44.0;-3.0;89.60468737739114;
1669160906;78.0;-44.0;-3.0;89.60468737739114;
1669160912;78.0;-44.0;-3.0;89.60468737739114;
1669160922;78.0;-44.0;-3.0;89.60468737739114;
1669160932;78.0;-44.0;-3.0;89.60468737739114;
1669160941;78.0;-44.0;-3.0;89.60468737739114;
1669160951;78.0;-44.0;-3.0;89.60468737739114;
1669160962;78.0;-44.0;-3.0;89.60468737739114;
1669160972;78.0;-44.0;-3.0;89.60468737739114;
1669160982;78.0;-44.0;-3.0;89.60468737739114;
1669160991;78.0;-44.0;-3.0;89.60468737739114;
1669161002;78.0;-44.0;-3.0;89.60468737739114;
1669161011;78.0;-44.0;-3.0;89.60468737739114;
1669161021;78.0;-44.0;-3.0;89.60468737739114;
1669161032;78.0;-44.0;-3.0;89.60468737739114;
1669161042;78.0;-44.0;-3.0;89.60468737739114;
1669161051;78.0;-44.0;-3.0;89.60468737739114;
1669161061;78.0;-44.0;-3.0;89.60468737739114;
1669161071;78.0;-44.100002;-3.0;89.65383539968485;
1669161082;78.0;-44.100002;-3.0;89.65383539968485;
1669161092;78.0;-44.100002;-3.0;89.65383539968485;
1669161106;78.0;-44.100002;-3.0;89.65383539968485;
1669161112;77.9;-44.2;-3.0;89.61612748370565;
1669161122;77.9;-44.3;-3.1000001;89.66889188019677;
1669161133;77.8;-44.3;-3.1000001;89.58203172592151;
1669161142;77.9;-44.2;-3.1000001;89.61953082929357;
1669161152;77.9;-44.2;-3.1000001;89.61953082929357;
1669161162;77.9;-44.100002;-3.0;89.56684899897796;
1669161173;77.9;-44.0;-2.9;89.51435772145754;
1669161189;77.9;-44.0;-2.9;89.51435772145754;
1669161192;77.8;-44.0;-2.9;89.42734746936563;
1669161203;77.700005;-44.0;-2.9;89.3403644044387;
1669161212;77.700005;-44.0;-2.9;89.3403644044387;
1669161222;77.700005;-44.0;-2.9;89.3403644044387;
1669161232;77.8;-43.9;-2.9;89.37818866691597;
1669161242;77.8;-43.9;-2.8;89.37499990802051;
1669161252;77.8;-43.9;-2.8;89.37499990802051;
1669161267;77.9;-43.9;-2.8;89.46206107304413;
1669161272;77.9;-43.9;-2.8;89.46206107304413;
1669161283;77.9;-43.9;-2.8;89.46206107304413;
1669161292;77.9;-43.9;-2.8;89.46206107304413;
1669161302;77.9;-43.9;-2.8;89.46206107304413;
1669161312;77.9;-43.9;-2.8;89.46206107304413;
1669161324;77.9;-43.9;-2.8;89.46206107304413;
1669161332;77.9;-43.9;-2.9;89.46524672886807;
1669161342;77.9;-43.9;-2.9;89.46524672886807;
1669161352;77.9;-43.9;-2.9;89.46524672886807;
1669161363;77.8;-43.9;-2.9;89.37818866691597;
1669161372;77.8;-43.9;-2.9;89.37818866691597;
1669161382;77.8;-43.9;-2.9;89.37818866691597;
1669161392;77.8;-43.9;-2.9;89.37818866691597;
1669161402;77.8;-43.9;-2.9;89.37818866691597;
1669161412;77.8;-43.9;-2.9;89.37818866691597;
1669161423;77.8;-43.9;-2.9;89.37818866691597;
1669161432;77.8;-43.9;-2.9;89.37818866691597;
1669161442;77.8;-43.9;-2.9;89.37818866691597;
1669161452;77.8;-43.9;-2.9;89.37818866691597;
1669161462;77.8;-43.9;-2.9;89.37818866691597;
1669161475;77.8;-43.9;-2.9;89.37818866691597;
1669161486;77.8;-43.9;-2.9;89.37818866691597;
1669161492;77.8;-43.9;-2.9;89.37818866691597;
1669161502;77.8;-43.9;-2.9;89.37818866691597;
1669161512;77.8;-44.0;-2.9;89.42734746936563;
1669161522;77.8;-44.0;-2.9;89.42734746936563;
1669161532;77.8;-44.0;-2.9;89.42734746936563;
1669161542;77.8;-44.100002;-3.0;89.47988978942313;
1669161551;77.8;-44.100002;-3.0;89.47988978942313;
1669161562;77.8;-44.100002;-3.0;89.47988978942313;
1669161575;77.8;-44.100002;-3.0;89.47988978942313;
1669161582;77.8;-44.100002;-3.0;89.47988978942313;
1669161592;77.9;-44.0;-3.0;89.51765321841238;
1669161602;77.9;-44.100002;-3.0;89.56684899897796;
1669161612;77.9;-44.100002;-3.0;89.56684899897796;
1669161622;77.9;-44.100002;-3.0;89.56684899897796;
1669161632;77.9;-44.100002;-3.0;89.56684899897796;
1669161644;77.9;-44.100002;-3.0;89.56684899897796;
1669161652;77.9;-44.100002;-3.0;89.56684899897796;
1669161662;77.9;-44.2;-3.0;89.61612748370565;
1669161672;77.9;-44.2;-3.0;89.61612748370565;
1669161682;77.9;-44.2;-3.0;89.61612748370565;
1669161692;77.9;-44.2;-3.0;89.61612748370565;
1669161702;78.0;-44.2;-3.0;89.70306609834387;
1669161712;78.0;-44.2;-3.0;89.70306609834387;
1669161722;78.0;-44.2;-3.0;89.70306609834387;
1669161736;78.0;-44.2;-3.0;89.70306609834387;
1669161744;78.0;-44.2;-3.0;89.70306609834387;
1669161752;78.0;-44.2;-3.0;89.70306609834387;
1669161762;78.0;-44.2;-3.0;89.70306609834387;
1669161772;78.0;-44.2;-3.0;89.70306609834387;
1669161782;78.0;-44.2;-3.0;89.70306609834387;
1669161792;78.0;-44.100002;-3.0;89.65383539968485;
1669161801;78.0;-44.100002;-3.0;89.65383539968485;
1669161812;78.0;-44.100002;-3.0;89.65383539968485;
1669161822;78.0;-44.100002;-3.0;89.65383539968485;
1669161832;77.9;-44.0;-3.0;89.51765321841238;
1669161845;77.9;-44.0;-3.0;89.51765321841238;
1669161853;77.9;-44.0;-3.0;89.51765321841238;
1669161866;77.8;-44.0;-3.0;89.43064617262655;
1669161872;77.700005;-44.2;-3.0;89.44233214093099;
1669161882;77.6;-44.3;-3.1000001;89.40838717074634;
1669161894;77.6;-44.3;-3.2;89.4119102574838;
1669161902;77.6;-44.3;-3.1000001;89.40838717074634;
1669161917;77.6;-44.3;-3.1000001;89.40838717074634;
1669161922;77.700005;-44.2;-3.1000001;89.44574209930583;
1669161934;77.8;-44.100002;-3.0;89.47988978942313;
1669161943;77.9;-44.0;-2.9;89.51435772145754;
1669161952;77.9;-44.0;-2.9;89.51435772145754;
1669161962;77.9;-44.100002;-2.9;89.56355531218516;
1669161972;77.9;-44.100002;-2.9;89.56355531218516;
1669161982;77.8;-44.2;-3.0;89.52921613807067;
1669161994;77.8;-44.3;-3.0;89.57862695563652;
1669162002;77.8;-44.3;-3.0;89.57862695563652;
1669162012;77.9;-44.2;-3.0;89.61612748370565;
1669162022;77.9;-44.100002;-2.9;89.56355531218516;
1669162032;77.9;-44.100002;-2.9;89.56355531218516;
1669162042;77.9;-44.100002;-2.9;89.56355531218516;
1669162054;77.9;-44.100002;-2.9;89.56355531218516;
1669162063;77.9;-44.100002;-3.0;89.56684899897796;
1669162074;77.9;-44.2;-3.0;89.61612748370565;
1669162085;77.8;-44.100002;-3.0;89.47988978942313;
1669162096;77.8;-44.100002;-3.0;89.47988978942313;
1669162108;77.8;-44.100002;-3.0;89.47988978942313;
1669162113;77.8;-44.100002;-3.0;89.47988978942313;
1669162124;77.8;-44.100002;-3.0;89.47988978942313;
1669162135;77.9;-44.100002;-3.0;89.56684899897796;
1669162147;77.9;-44.100002;-3.0;89.56684899897796;
1669162153;77.9;-44.100002;-3.0;89.56684899897796;
1669162164;77.9;-44.100002;-3.0;89.56684899897796;
1669162173;77.9;-44.100002;-3.0;89.56684899897796;
1669162200;77.9;-44.100002;-3.0;89.56684899897796;
1669162203;77.9;-44.100002;-3.0;89.56684899897796;
1669162214;77.9;-44.2;-3.0;89.61612748370565;
1669162233;77.9;-44.2;-3.0;89.61612748370565;
1669162244;77.9;-44.2;-3.0;89.61612748370565;
1669162253;77.9;-44.100002;-3.0;89.56684899897796;
1669162262;78.0;-44.100002;-3.0;89.65383539968485;
1669162272;78.0;-44.100002;-3.0;89.65383539968485;
1669162283;78.0;-44.100002;-3.0;89.65383539968485;
1669162293;78.0;-44.100002;-3.0;89.65383539968485;
1669162306;78.0;-44.100002;-3.0;89.65383539968485;
1669162316;78.0;-44.100002;-3.0;89.65383539968485;
1669162322;78.1;-44.100002;-2.9;89.73756161209548;
1669162333;78.200005;-44.100002;-2.9;89.82461198563186;
1669162343;78.3;-44.2;-2.8;89.95760415374625;
1669162352;78.4;-44.2;-2.7;90.04160320073802;
1669162363;78.5;-44.2;-2.6000001;90.12574586758056;
1669162377;78.700005;-44.2;-2.6000001;90.30000436715247;
1669162383;78.700005;-44.3;-2.5;90.3461712134145;
1669162414;78.8;-44.3;-2.5;90.4332926159421;
1669162415;78.8;-44.3;-2.5;90.4332926159421;
1669162416;78.8;-44.4;-2.4;90.47961437203881;
1669162422;78.9;-44.4;-2.4;90.56671782028708;
1669162432;78.9;-44.4;-2.4;90.56671782028708;
1669162442;78.9;-44.5;-2.4;90.61578362096449;
1669162452;78.8;-44.5;-2.4;90.52872738205704;
1669162462;78.8;-44.4;-2.4;90.47961437203881;
1669162472;78.8;-44.4;-2.4;90.47961437203881;
1669162482;78.8;-44.4;-2.4;90.47961437203881;
1669162503;78.6;-44.3;-2.5;90.25906986300825;
1669162530;78.6;-44.3;-2.5;90.25906986300825;
1669162532;78.5;-44.2;-2.5;90.12291643884949;
1669162533;78.5;-44.2;-2.6000001;90.12574586758056;
1669162542;78.4;-44.100002;-2.6000001;89.98961296658335;
1669162552;78.3;-44.100002;-2.7;89.90545411729235;
1669162664;78.200005;-44.0;-2.7;89.7693194593782;
1669162665;78.200005;-44.0;-2.7;89.7693194593782;
1669162665;78.200005;-43.9;-2.7;89.72034802747962;
1669162666;78.200005;-43.9;-2.7;89.72034802747962;
1669162666;78.200005;-43.8;-2.7;89.67145950282286;
1669162667;78.200005;-43.8;-2.7;89.67145950282286;
1669162668;78.200005;-43.8;-2.7;89.67145950282286;
1669162669;78.200005;-43.8;-2.7;89.67145950282286;
1669162670;78.200005;-43.7;-2.7;89.62265775394526;
1669162670;78.200005;-43.8;-2.7;89.67145950282286;
1669162678;78.1;-43.8;-2.7;89.58426030883837;
1669162685;78.1;-43.8;-2.7;89.58426030883837;
1669162686;78.1;-43.9;-2.7;89.63319639445744;
1669162710;78.1;-43.9;-2.7;89.63319639445744;
1669162714;78.1;-43.9;-2.7;89.63319639445744;
1669162716;78.1;-43.9;-2.7;89.63319639445744;
1669162726;78.200005;-43.8;-2.7;89.67145950282286;
1669162733;78.200005;-43.8;-2.7;89.67145950282286;
1669162742;78.200005;-43.8;-2.7;89.67145950282286;
1669162754;78.200005;-43.8;-2.7;89.67145950282286;
1669162762;78.200005;-43.8;-2.8;89.67452619803396;
1669162775;78.1;-43.8;-2.8;89.58732998899562;
1669162783;78.1;-43.8;-2.8;89.58732998899562;
