1716436655;322.6;-32.5;1.6;324.2369102031177;
1716436665;322.6;-32.5;1.6;324.2369102031177;
1716436675;322.6;-32.5;1.6;324.2369102031177;
1716436685;322.6;-32.5;1.6;324.2369102031177;
1716436695;322.6;-32.5;1.6;324.2369102031177;
1716436705;322.6;-32.5;1.6;324.2369102031177;
1716436715;322.6;-32.5;1.6;324.2369102031177;
1716436725;322.6;-32.5;1.6;324.2369102031177;
1716436735;322.6;-32.5;1.6;324.2369102031177;
1716436745;322.6;-32.5;1.6;324.2369102031177;
1716436757;322.6;-32.5;1.6;324.2369102031177;
1716436767;322.6;-32.5;1.6;324.2369102031177;
1716436775;322.6;-32.5;1.6;324.2369102031177;
1716436785;322.6;-32.5;1.6;324.2369102031177;
1716436802;322.6;-32.5;1.6;324.2369102031177;
1716436805;322.6;-32.5;1.6;324.2369102031177;
1716436816;322.6;-32.5;1.6;324.2369102031177;
1716436825;322.6;-32.5;1.6;324.2369102031177;
1716436835;322.6;-32.5;1.6;324.2369102031177;
1716436845;322.6;-32.5;1.6;324.2369102031177;
1716436855;322.6;-32.5;1.6;324.2369102031177;
1716436865;322.6;-32.600002;1.6;324.2469492335982;
1716436879;322.6;-32.7;1.5;324.2565403933814;
1716436885;322.6;-32.8;1.5;324.2666401095547;
1716436895;322.6;-32.7;1.4;324.25609321617657;
1716436905;322.6;-32.600002;1.5;324.24647120241616;
1716436915;322.6;-32.600002;1.5;324.24647120241616;
1716436925;322.6;-32.5;1.6;324.2369102031177;
1716436935;322.6;-32.4;1.7;324.22741098961296;
1716436945;322.6;-32.4;1.7;324.22741098961296;
1716436959;322.5;-32.5;1.6;324.1374091339602;
1716436965;322.5;-32.5;1.6;324.1374091339602;
1716436975;322.5;-32.5;1.6;324.1374091339602;
1716436985;322.5;-32.5;1.5;324.13693094123045;
1716436996;322.5;-32.4;1.5;324.126919738051;
1716437005;322.5;-32.4;1.6;324.1273979455505;
1716437015;322.5;-32.5;1.6;324.1374091339602;
1716437025;322.5;-32.5;1.6;324.1374091339602;
1716437035;322.5;-32.5;1.6;324.1374091339602;
1716437048;322.5;-32.5;1.6;324.1374091339602;
1716437055;322.5;-32.5;1.6;324.1374091339602;
1716437065;322.5;-32.5;1.6;324.1374091339602;
1716437081;322.5;-32.5;1.6;324.1374091339602;
1716437085;322.5;-32.5;1.6;324.1374091339602;
1716437096;322.5;-32.5;1.6;324.1374091339602;
1716437105;322.5;-32.5;1.6;324.1374091339602;
1716437115;322.5;-32.5;1.6;324.1374091339602;
1716437125;322.5;-32.5;1.6;324.1374091339602;
1716437135;322.5;-32.5;1.6;324.1374091339602;
1716437147;322.5;-32.5;1.6;324.1374091339602;
1716437155;322.5;-32.5;1.6;324.1374091339602;
1716437165;322.5;-32.5;1.6;324.1374091339602;
1716437175;322.5;-32.5;1.6;324.1374091339602;
1716437185;322.5;-32.5;1.6;324.1374091339602;
1716437195;322.5;-32.5;1.6;324.1374091339602;
1716437205;322.5;-32.5;1.6;324.1374091339602;
1716437215;322.5;-32.5;1.6;324.1374091339602;
1716437225;322.5;-32.5;1.6;324.1374091339602;
1716437235;322.5;-32.5;1.6;324.1374091339602;
1716437245;322.5;-32.5;1.6;324.1374091339602;
1716437255;322.5;-32.5;1.6;324.1374091339602;
1716437268;322.5;-32.5;1.6;324.1374091339602;
1716437276;322.5;-32.5;1.6;324.1374091339602;
1716437285;322.5;-32.5;1.6;324.1374091339602;
1716437295;322.5;-32.5;1.6;324.1374091339602;
1716437305;322.5;-32.5;1.6;324.1374091339602;
1716437315;322.5;-32.5;1.6;324.1374091339602;
1716437325;322.5;-32.5;1.6;324.1374091339602;
1716437335;322.5;-32.5;1.6;324.1374091339602;
1716437345;322.5;-32.5;1.6;324.1374091339602;
1716437356;322.5;-32.5;1.6;324.1374091339602;
1716437366;322.5;-32.5;1.6;324.1374091339602;
1716437375;322.5;-32.5;1.6;324.1374091339602;
1716437386;322.5;-32.5;1.6;324.1374091339602;
1716437395;322.5;-32.5;1.5;324.13693094123045;
1716437406;322.5;-32.5;1.5;324.13693094123045;
1716437416;322.5;-32.5;1.5;324.13693094123045;
1716437425;322.5;-32.5;1.5;324.13693094123045;
1716437436;322.5;-32.5;1.5;324.13693094123045;
1716437446;322.5;-32.5;1.5;324.13693094123045;
1716437456;322.5;-32.5;1.5;324.13693094123045;
1716437471;322.4;-32.600002;1.5;324.04747524658194;
1716437475;322.4;-32.600002;1.4;324.0470277808722;
1716437487;322.4;-32.600002;1.4;324.0470277808722;
1716437495;322.4;-32.600002;1.4;324.0470277808722;
1716437505;322.4;-32.5;1.4;324.03698255660015;
1716437516;322.4;-32.5;1.4;324.03698255660015;
1716437525;322.4;-32.5;1.5;324.03743003618143;
1716437538;322.4;-32.5;1.5;324.03743003618143;
1716437545;322.4;-32.5;1.5;324.03743003618143;
1716437555;322.4;-32.5;1.5;324.03743003618143;
1716437570;322.4;-32.5;1.5;324.03743003618143;
1716437575;322.4;-32.5;1.5;324.03743003618143;
1716437587;322.4;-32.5;1.5;324.03743003618143;
1716437595;322.5;-32.5;1.5;324.13693094123045;
1716437606;322.5;-32.5;1.5;324.13693094123045;
1716437615;322.5;-32.5;1.5;324.13693094123045;
1716437625;322.5;-32.5;1.5;324.13693094123045;
1716437635;322.5;-32.5;1.5;324.13693094123045;
1716437645;322.4;-32.5;1.5;324.03743003618143;
1716437655;322.5;-32.5;1.5;324.13693094123045;
1716437666;322.5;-32.5;1.5;324.13693094123045;
1716437676;322.5;-32.5;1.5;324.13693094123045;
1716437685;322.5;-32.5;1.5;324.13693094123045;
1716437695;322.5;-32.5;1.5;324.13693094123045;
1716437705;322.5;-32.5;1.5;324.13693094123045;
1716437716;322.5;-32.5;1.5;324.13693094123045;
1716437726;322.5;-32.5;1.5;324.13693094123045;
1716437738;322.5;-32.5;1.5;324.13693094123045;
1716437745;322.5;-32.5;1.5;324.13693094123045;
1716437755;322.5;-32.5;1.5;324.13693094123045;
1716437766;322.5;-32.5;1.5;324.13693094123045;
1716437777;322.5;-32.600002;1.5;324.14697306812997;
1716437786;322.5;-32.600002;1.5;324.14697306812997;
1716437796;322.5;-32.600002;1.5;324.14697306812997;
1716437807;322.5;-32.7;1.5;324.1570453497752;
1716437816;322.5;-32.9;1.5;324.17728190051014;
1716437844;322.6;-33.0;1.5;324.2869314942992;
1716437846;322.6;-33.100002;1.4;324.2966760382248;
1716437856;322.6;-33.100002;1.4;324.2966760382248;
1716437885;322.80002;-33.3;1.3000001;324.5156880193369;
1716437896;322.80002;-33.3;1.3000001;324.5156880193369;
1716437906;322.80002;-33.3;1.4;324.51610402322234;
1716437916;322.80002;-33.3;1.4;324.51610402322234;
1716437926;322.80002;-33.3;1.4;324.51610402322234;
1716437936;322.80002;-33.2;1.4;324.5058579931675;
1716437946;322.80002;-33.2;1.5;324.50630482619067;
1716437956;322.80002;-33.2;1.5;324.50630482619067;
1716437966;322.80002;-33.2;1.5;324.50630482619067;
1716437975;322.80002;-33.2;1.5;324.50630482619067;
1716437985;322.7;-33.100002;1.5;324.3966060703131;
1716437996;322.6;-33.0;1.6;324.28740946583883;
1716438006;322.6;-32.9;1.6;324.2772487216262;
1716438015;322.6;-32.8;1.6;324.2671181110039;
1716438028;322.6;-32.8;1.6;324.2671181110039;
1716438224;322.5;-32.8;1.6;324.1676263139604;
1716438226;322.5;-32.7;1.7;324.15803252435126;
1716438229;322.5;-32.7;1.7;324.15803252435126;
1716438230;322.5;-32.600002;1.7;324.14796027338053;
1716438230;322.4;-32.600002;1.7;324.04846275495004;
1716438232;322.4;-32.600002;1.7;324.04846275495004;
1716438237;322.4;-32.600002;1.7;324.04846275495004;
1716438242;322.4;-32.600002;1.7;324.04846275495004;
1716438243;322.4;-32.600002;1.7;324.04846275495004;
1716438243;322.4;-32.600002;1.7;324.04846275495004;
1716438244;322.4;-32.600002;1.7;324.04846275495004;
1716438245;322.4;-32.600002;1.7;324.04846275495004;
1716438245;322.4;-32.600002;1.7;324.04846275495004;
1716438246;322.5;-32.600002;1.7;324.14796027338053;
1716438246;322.5;-32.600002;1.7;324.14796027338053;
1716438247;322.5;-32.600002;1.7;324.14796027338053;
1716438247;322.5;-32.600002;1.7;324.14796027338053;
1716438248;322.5;-32.600002;1.7;324.14796027338053;
1716438248;322.5;-32.600002;1.7;324.14796027338053;
1716438249;322.5;-32.600002;1.7;324.14796027338053;
1716438250;322.5;-32.600002;1.7;324.14796027338053;
1716438251;322.5;-32.600002;1.7;324.14796027338053;
1716438259;322.5;-32.600002;1.7;324.14796027338053;
1716438265;322.5;-32.600002;1.7;324.14796027338053;
1716438275;322.5;-32.600002;1.7;324.14796027338053;
1716438287;322.5;-32.600002;1.7;324.14796027338053;
1716438295;322.5;-32.600002;1.7;324.14796027338053;
1716438305;322.5;-32.600002;1.7;324.14796027338053;
1716438315;322.5;-32.600002;1.7;324.14796027338053;
1716438325;322.5;-32.600002;1.7;324.14796027338053;
1716438335;322.5;-32.600002;1.7;324.14796027338053;
1716438345;322.5;-32.7;1.6;324.1575235128325;
1716438358;322.5;-32.7;1.6;324.1575235128325;
1716438365;322.5;-32.7;1.6;324.1575235128325;
1716438377;322.5;-32.7;1.6;324.1575235128325;
