1716464015;320.9;-32.2;1.8000001;322.5164897058048;
1716464025;320.9;-32.3;1.8000001;322.5264888869367;
1716464038;320.9;-32.3;1.8000001;322.5264888869367;
1716464045;320.9;-32.3;1.8000001;322.5264888869367;
1716464055;320.9;-32.3;1.8000001;322.5264888869367;
1716464065;320.9;-32.3;1.8000001;322.5264888869367;
1716464075;320.9;-32.3;1.8000001;322.5264888869367;
1716464085;320.9;-32.3;1.8000001;322.5264888869367;
1716464095;320.9;-32.3;1.8000001;322.5264888869367;
1716464106;320.9;-32.3;1.8000001;322.5264888869367;
1716464115;320.9;-32.3;1.8000001;322.5264888869367;
1716464125;320.9;-32.3;1.8000001;322.5264888869367;
1716464135;320.9;-32.3;1.8000001;322.5264888869367;
1716464145;320.9;-32.3;1.8000001;322.5264888869367;
1716464155;320.9;-32.3;1.8000001;322.5264888869367;
1716464165;321.0;-32.3;1.8000001;322.6259908174969;
1716464175;321.0;-32.3;1.8000001;322.6259908174969;
1716464185;321.0;-32.3;1.8000001;322.6259908174969;
1716464195;321.0;-32.3;1.8000001;322.6259908174969;
1716464205;321.0;-32.3;1.8000001;322.6259908174969;
1716464215;321.0;-32.3;1.8000001;322.6259908174969;
1716464225;321.0;-32.3;1.8000001;322.6259908174969;
1716464235;321.0;-32.3;1.8000001;322.6259908174969;
1716464247;321.0;-32.3;1.8000001;322.6259908174969;
1716464258;320.9;-32.3;1.8000001;322.5264888869367;
1716464266;320.9;-32.3;1.8000001;322.5264888869367;
1716464287;320.9;-32.4;1.7;322.53597656975074;
1716464296;320.9;-32.4;1.6;322.5354649983734;
1716464322;320.9;-32.3;1.7;322.52594629523986;
1716464327;321.0;-32.3;1.7;322.62544839314245;
1716464336;321.0;-32.3;1.7;322.62544839314245;
1716464380;320.9;-32.3;1.7;322.52594629523986;
1716464381;320.9;-32.4;1.6;322.5354649983734;
1716464382;320.9;-32.3;1.6;322.5254347079531;
1716464382;320.9;-32.3;1.6;322.5254347079531;
1716464388;320.9;-32.3;1.6;322.5254347079531;
1716464400;320.9;-32.3;1.6;322.5254347079531;
1716464405;320.9;-32.3;1.6;322.5254347079531;
1716464427;320.9;-32.3;1.6;322.5254347079531;
1716464438;320.9;-32.3;1.6;322.5254347079531;
1716464445;320.9;-32.3;1.6;322.5254347079531;
1716464455;320.9;-32.3;1.6;322.5254347079531;
1716464465;320.9;-32.3;1.6;322.5254347079531;
1716464476;320.9;-32.3;1.6;322.5254347079531;
1716464485;320.9;-32.3;1.6;322.5254347079531;
1716464495;320.9;-32.3;1.6;322.5254347079531;
1716464505;320.9;-32.3;1.6;322.5254347079531;
1716464515;320.9;-32.3;1.6;322.5254347079531;
1716464526;320.9;-32.3;1.6;322.5254347079531;
1716464535;320.9;-32.3;1.6;322.5254347079531;
1716464545;320.9;-32.3;1.6;322.5254347079531;
1716464555;320.9;-32.3;1.6;322.5254347079531;
1716464565;320.9;-32.3;1.6;322.5254347079531;
1716464578;320.9;-32.3;1.6;322.5254347079531;
1716464585;320.9;-32.3;1.6;322.5254347079531;
1716464595;320.9;-32.3;1.6;322.5254347079531;
1716464605;320.9;-32.3;1.6;322.5254347079531;
1716464615;320.9;-32.3;1.6;322.5254347079531;
1716464627;320.9;-32.3;1.6;322.5254347079531;
1716464636;320.9;-32.3;1.6;322.5254347079531;
1716464645;320.9;-32.3;1.6;322.5254347079531;
1716464655;320.9;-32.3;1.6;322.5254347079531;
1716464665;320.9;-32.3;1.6;322.5254347079531;
1716464675;320.9;-32.3;1.6;322.5254347079531;
1716464686;320.9;-32.3;1.6;322.5254347079531;
1716464696;320.9;-32.3;1.6;322.5254347079531;
1716464706;320.9;-32.3;1.6;322.5254347079531;
1716464716;320.9;-32.3;1.6;322.5254347079531;
1716464732;320.9;-32.3;1.6;322.5254347079531;
1716464735;320.9;-32.3;1.6;322.5254347079531;
1716464745;320.9;-32.3;1.6;322.5254347079531;
1716464755;320.9;-32.3;1.6;322.5254347079531;
1716464766;320.9;-32.4;1.6;322.5354649983734;
1716464775;320.9;-32.4;1.6;322.5354649983734;
1716464785;320.9;-32.4;1.6;322.5354649983734;
1716464798;320.9;-32.4;1.6;322.5354649983734;
1716464806;320.9;-32.4;1.6;322.5354649983734;
1716464816;320.9;-32.4;1.6;322.5354649983734;
1716464826;320.9;-32.4;1.6;322.5354649983734;
1716464836;320.9;-32.4;1.5;322.5349844305896;
1716464847;320.9;-32.4;1.4;322.53453486653785;
1716464855;320.80002;-32.4;1.4;322.43506609371354;
1716464867;320.80002;-32.4;1.4;322.43506609371354;
1716464876;320.80002;-32.4;1.4;322.43506609371354;
1716464885;320.9;-32.4;1.4;322.53453486653785;
1716464897;320.9;-32.4;1.5;322.5349844305896;
1716464906;320.9;-32.4;1.6;322.5354649983734;
1716464923;320.9;-32.4;1.6;322.5354649983734;
1716464926;320.9;-32.4;1.6;322.5354649983734;
1716464935;320.9;-32.4;1.6;322.5354649983734;
1716464947;320.9;-32.4;1.6;322.5354649983734;
1716464955;320.9;-32.4;1.6;322.5354649983734;
1716464966;320.9;-32.4;1.6;322.5354649983734;
1716464976;320.9;-32.4;1.6;322.5354649983734;
1716464985;320.9;-32.4;1.6;322.5354649983734;
1716464997;320.9;-32.4;1.6;322.5354649983734;
1716465005;320.9;-32.4;1.6;322.5354649983734;
1716465015;320.9;-32.4;1.6;322.5354649983734;
1716465026;320.9;-32.4;1.6;322.5354649983734;
1716465036;321.0;-32.4;1.6;322.6349641606645;
1716465045;321.0;-32.4;1.6;322.6349641606645;
1716465056;321.0;-32.4;1.6;322.6349641606645;
1716465065;321.0;-32.4;1.6;322.6349641606645;
1716465076;321.0;-32.4;1.6;322.6349641606645;
1716465085;321.0;-32.4;1.6;322.6349641606645;
1716465097;321.0;-32.4;1.6;322.6349641606645;
1716465105;321.0;-32.4;1.6;322.6349641606645;
1716465117;321.0;-32.4;1.6;322.6349641606645;
1716465126;321.0;-32.4;1.6;322.6349641606645;
1716465135;321.0;-32.4;1.6;322.6349641606645;
1716465146;321.0;-32.4;1.6;322.6349641606645;
1716465157;320.9;-32.4;1.6;322.5354649983734;
1716465166;320.9;-32.4;1.6;322.5354649983734;
1716465186;321.0;-32.5;1.5;322.64454125244396;
1716465187;321.0;-32.5;1.5;322.64454125244396;
1716465196;321.0;-32.600002;1.5;322.6546298276703;
1716465206;321.0;-32.7;1.5;322.66474869420773;
1716465215;321.0;-32.7;1.5;322.66474869420773;
1716465226;321.0;-32.8;1.5;322.674898233425;
1716465236;321.1;-32.8;1.5;322.7743853988865;
1716465246;321.1;-32.8;1.5;322.7743853988865;
1716465256;321.1;-32.8;1.5;322.7743853988865;
1716465265;321.2;-32.8;1.5;322.87387288498303;
1716465276;321.2;-32.8;1.5;322.87387288498303;
1716465286;321.2;-32.8;1.5;322.87387288498303;
1716465296;321.30002;-32.8;1.5;322.97336069141824;
1716465306;321.30002;-32.7;1.5;322.963220531772;
1716465316;321.30002;-32.7;1.5;322.963220531772;
1716465325;321.2;-32.7;1.5;322.8637296007299;
1716465339;321.2;-32.7;1.5;322.8637296007299;
1716465346;321.2;-32.7;1.5;322.8637296007299;
1716465356;321.2;-32.7;1.6;322.86420967919247;
1716465366;321.1;-32.600002;1.6;322.75460348225096;
1716465375;321.1;-32.600002;1.6;322.75460348225096;
1716465493;321.0;-32.5;1.7;322.64553305471645;
1716465501;321.0;-32.5;1.7;322.64553305471645;
1716465501;321.0;-32.4;1.7;322.63547557427574;
1716465504;321.0;-32.4;1.7;322.63547557427574;
1716465505;320.9;-32.3;1.7;322.52594629523986;
1716465506;320.9;-32.3;1.8000001;322.5264888869367;
1716465507;320.9;-32.3;1.8000001;322.5264888869367;
1716465511;320.9;-32.3;1.8000001;322.5264888869367;
1716465513;320.9;-32.3;1.8000001;322.5264888869367;
1716465518;320.9;-32.3;1.8000001;322.5264888869367;
1716465524;320.9;-32.3;1.8000001;322.5264888869367;
1716465527;320.9;-32.3;1.8000001;322.5264888869367;
1716465527;320.9;-32.3;1.8000001;322.5264888869367;
1716465537;320.9;-32.3;1.8000001;322.5264888869367;
1716465538;320.9;-32.3;1.8000001;322.5264888869367;
1716465538;320.9;-32.3;1.8000001;322.5264888869367;
1716465545;320.9;-32.3;1.8000001;322.5264888869367;
1716465555;320.9;-32.3;1.8000001;322.5264888869367;
1716465565;320.9;-32.3;1.8000001;322.5264888869367;
1716465575;320.9;-32.3;1.8000001;322.5264888869367;
1716465587;320.9;-32.3;1.8000001;322.5264888869367;
1716465596;320.9;-32.3;1.8000001;322.5264888869367;
1716465605;320.9;-32.3;1.8000001;322.5264888869367;
1716465615;320.9;-32.3;1.8000001;322.5264888869367;
1716465625;320.9;-32.3;1.8000001;322.5264888869367;
1716465635;320.9;-32.3;1.8000001;322.5264888869367;
1716465645;320.9;-32.3;1.8000001;322.5264888869367;
1716465655;320.9;-32.3;1.8000001;322.5264888869367;
1716465665;321.0;-32.3;1.8000001;322.6259908174969;
1716465675;321.0;-32.4;1.8000001;322.6360179817722;
1716465685;321.0;-32.4;1.8000001;322.6360179817722;
1716465697;321.0;-32.4;1.8000001;322.6360179817722;
