-1958299811;359.1;-20.300001;9.7;359.80410562736455;
-1958299801;359.2;-20.300001;9.8;359.90662514009495;
-1958299790;359.2;-20.5;9.8;359.91796117069487;
-1958299781;359.2;-20.5;9.8;359.91796117069487;
-1958299771;359.30002;-20.6;9.8;360.0234758698581;
-1958299761;359.30002;-20.7;9.8;360.02921158328724;
-1958299751;359.4;-20.800001;9.7;360.13203919770893;
-1958299741;359.4;-20.9;9.3;360.12727694579763;
-1958299731;359.4;-20.9;9.2;360.1247083904936;
-1958299721;359.4;-20.9;9.2;360.1247083904936;
-1958299711;359.4;-20.9;9.1;360.1221676095354;
-1958299701;359.4;-20.800001;8.900001;360.11137953497894;
-1958299691;359.4;-20.800001;8.8;360.10892194412145;
-1958299681;359.5;-20.800001;8.8;360.2087312253332;
-1958299671;359.4;-20.9;8.7;360.1122819254139;
-1958299661;359.4;-20.9;8.7;360.1122819254139;
-1958299651;359.4;-20.9;8.6;360.10987990252204;
-1958299641;359.30002;-21.0;8.5;360.01354579787596;
-1958299631;359.2;-21.1;8.3;359.91491881942824;
-1958299621;359.0;-21.1;8.1;359.7107449358134;
-1958299611;358.9;-21.1;8.0;359.6086979412408;
-1958299601;358.9;-21.1;8.0;359.6086979412408;
-1958299591;358.80002;-20.9;8.0;359.49723660092764;
-1958299582;358.7;-20.7;8.0;359.38584945558176;
-1958299571;358.6;-20.5;7.9;359.2723540420947;
-1958299561;358.5;-20.300001;7.8;359.15898993264597;
-1958299551;358.30002;-20.1;7.7000003;358.9459613104447;
-1958299541;358.2;-19.9;7.6;358.8328562555069;
-1958299531;358.2;-19.9;7.6;358.8328562555069;
-1958299521;358.2;-19.7;7.6;358.82182037012126;
-1958299511;358.1;-19.6;7.6;358.71650977455994;
-1958299500;358.2;-19.300001;7.7000003;358.802214031209;
-1958299490;358.2;-19.300001;7.7000003;358.802214031209;
-1958299479;358.30002;-19.300001;7.7000003;358.9020523345031;
-1958299469;358.4;-19.4;7.8;359.0094088087031;
-1958299458;358.6;-19.6;7.9;359.2221240317777;
-1958299447;358.7;-19.800001;8.1;359.33737463395425;
-1958299439;358.80002;-20.1;8.2;359.45612131643526;
-1958299429;358.9;-20.300001;8.3;359.5694448483154;
-1958299419;358.9;-20.300001;8.3;359.5694448483154;
-1958299407;358.9;-20.5;8.400001;359.58311365873334;
-1958299394;358.9;-20.9;8.5;359.60848933659935;
-1958299384;358.9;-21.1;8.7;359.6249513474778;
-1958299381;358.80002;-21.2;8.8;359.5334938157422;
-1958299371;358.80002;-21.2;8.8;359.5334938157422;
-1958299360;358.7;-21.4;8.8;359.4455435032606;
-1958299350;358.6;-21.4;8.7;359.3433098831753;
-1958299334;358.5;-21.300001;8.7;359.23756769780226;
-1958299331;358.4;-21.1;8.7;359.12596068479826;
-1958299320;358.30002;-20.7;8.5;358.9981102358673;
-1958299307;358.2;-20.2;8.2;358.8628272373889;
-1958299296;358.2;-20.2;8.2;358.8628272373889;
-1958299274;358.1;-19.9;7.9;358.7395076621228;
-1958299273;358.0;-19.7;7.7000003;358.62428812681634;
-1958299264;358.0;-19.7;7.6;358.6221549606357;
-1958299260;358.0;-19.800001;7.8;358.6319562564023;
-1958299251;358.0;-19.9;7.9;358.63967988264255;
-1958299241;358.0;-19.9;7.9;358.63967988264255;
-1958299231;358.0;-19.9;7.9;358.63967988264255;
-1958299221;357.9;-19.800001;7.7000003;358.52996482975885;
-1958299211;357.9;-19.6;7.6;358.5168415076307;
-1958299200;358.0;-19.5;7.4;358.6070412044519;
-1958299191;358.0;-19.4;7.2000003;358.5975459889803;
-1958299181;358.0;-19.4;7.2000003;358.5975459889803;
-1958299171;357.9;-19.5;7.2000003;358.5031319740783;
-1958299161;357.9;-19.5;7.2000003;358.5031319740783;
-1958299151;357.9;-19.7;7.3;358.51608843111643;
-1958299141;357.9;-19.7;7.4;358.5181385405414;
-1958299131;357.9;-19.7;7.5;358.520216530621;
-1958299121;357.80002;-19.6;7.5;358.41493149418494;
-1958299111;357.80002;-19.6;7.5;358.41493149418494;
-1958299092;357.80002;-19.4;7.3;358.3999206068709;
-1958299088;357.80002;-19.4;7.3;358.3999206068709;
-1958299081;357.80002;-19.300001;7.4;358.3965724565643;
-1958299071;357.80002;-19.300001;7.5;358.3986511514822;
-1958299060;357.80002;-19.300001;7.5;358.3986511514822;
-1958299049;357.9;-19.300001;7.5;358.4984597948473;
-1958299040;357.9;-19.300001;7.5;358.4984597948473;
-1958299030;357.9;-19.300001;7.4;358.4963816786568;
-1958299021;357.9;-19.4;7.3;358.4997288968114;
-1958299011;357.9;-19.4;7.2000003;358.49770657623793;
-1958299001;357.9;-19.4;7.2000003;358.49770657623793;
-1958298989;357.9;-19.4;7.1;358.4957121290969;
-1958298981;358.0;-19.4;7.1;358.595552097129;
-1958298971;358.0;-19.4;7.0;358.5935860904361;
-1958298962;358.0;-19.4;7.0;358.5935860904361;
-1958298951;358.0;-19.4;7.0;358.5935860904361;
-1958298940;358.0;-19.4;6.9;358.5916479597859;
-1958298931;358.0;-19.4;6.9;358.5916479597859;
-1958298921;357.9;-19.4;6.9;358.4918069044516;
-1958298912;357.9;-19.4;6.9;358.4918069044516;
-1958298901;357.80002;-19.4;6.9;358.39199640832203;
-1958298890;357.80002;-19.300001;6.9;358.386597333826;
-1958298881;357.80002;-19.2;6.9;358.38122597820416;
-1958298871;357.7;-19.2;6.9;358.2813821056339;
-1958298860;357.7;-19.1;6.8;358.2741251473185;
-1958298851;357.6;-19.1;6.8;358.17427934233433;
-1958298838;357.6;-19.0;6.8;358.1689606426392;
-1958298831;357.5;-19.0;6.7000003;358.06722832986793;
-1958298821;357.5;-19.0;6.7000003;358.06722832986793;
-1958298811;357.5;-19.0;6.7000003;358.06722832986793;
-1958298801;357.4;-19.0;6.7000003;357.96738069416443;
-1958298789;357.4;-18.9;6.7000003;357.9620868564453;
-1958298781;357.4;-18.9;6.7000003;357.9620868564453;
-1958298770;357.30002;-19.0;6.8;357.8694497820555;
-1958298761;357.30002;-19.0;6.8;357.8694497820555;
-1958298751;357.30002;-19.1;6.9;357.87668700350594;
-1958298741;357.30002;-19.2;7.0;357.88397996280025;
-1958298731;357.30002;-19.300001;7.0;357.8893587813017;
-1958298721;357.2;-19.300001;7.0;357.7895174049646;
-1958298711;357.2;-19.4;7.0;357.7949254893119;
-1958298701;357.2;-19.4;7.0;357.7949254893119;
-1958298691;357.2;-19.4;7.0;357.7949254893119;
-1958298681;357.2;-19.4;7.0;357.7949254893119;
-1958298671;357.2;-19.4;7.1;357.7968958844501;
-1958298662;357.30002;-19.4;7.0;357.8947653569637;
-1958298651;357.30002;-19.5;7.0;357.9001998947711;
-1958298641;357.30002;-19.5;7.0;357.9001998947711;
-1958298631;357.30002;-19.4;6.9;357.892823441924;
-1958298621;357.30002;-19.4;6.8;357.89090945777053;
-1958298611;357.2;-19.4;6.7000003;357.7891819350272;
-1958298601;357.2;-19.5;6.7000003;357.7946180765399;
-1958298591;357.2;-19.5;6.7000003;357.7946180765399;
-1958298581;357.2;-19.5;6.7000003;357.7946180765399;
-1958298570;357.2;-19.6;6.7000003;357.8000820842425;
-1958298561;357.2;-19.6;6.7000003;357.8000820842425;
-1958298551;357.30002;-19.6;6.7000003;357.89992051340903;
-1958298541;357.30002;-19.6;6.7000003;357.89992051340903;
-1958298531;357.30002;-19.6;6.7000003;357.89992051340903;
-1958298519;357.30002;-19.6;6.7000003;357.89992051340903;
-1958298511;357.1;-19.5;6.4;357.68928465967724;
-1958298501;356.9;-19.4;5.9;357.47555948572887;
-1958298491;356.7;-19.2;5.5;357.258714012399;
-1958298477;356.7;-19.2;5.5;357.258714012399;
-1958298466;356.7;-19.2;5.5;357.258714012399;
-1958298461;356.80002;-19.2;5.9;357.3649438554778;
-1958298451;356.9;-19.4;6.5;357.48596563852624;
-1958298441;357.0;-19.5;7.0;357.6006851223862;
-1958298431;357.1;-19.6;7.3;357.71198522955484;
-1958298420;357.1;-19.7;7.3;357.7174784546814;
-1958298411;357.1;-19.800001;7.2000003;357.72097283856505;
-1958298400;357.1;-19.800001;7.2000003;357.72097283856505;
-1958298391;357.1;-19.800001;7.2000003;357.72097283856505;
-1958298381;357.2;-19.800001;7.2000003;357.8208053902704;
-1958298370;357.2;-19.800001;7.3;357.8228315365114;
-1958298361;357.5;-20.1;7.9;358.1517416079976;
-1958298351;357.6;-20.300001;8.2;358.26958342646026;
-1958298341;357.7;-20.4;8.5;358.3820708648053;
-1958298331;357.7;-20.4;8.5;358.3820708648053;
-1958298320;357.80002;-20.5;8.6;358.48997630280957;
-1958298311;357.9;-20.6;8.6;358.5954902858949;
-1958298301;357.9;-20.6;8.6;358.5954902858949;
-1958298290;358.1;-20.7;8.7;358.80328092090355;
-1958298280;358.2;-20.7;8.900001;358.90799487736166;
-1958298262;358.2;-20.7;8.900001;358.90799487736166;
-1958298260;358.4;-20.800001;9.1;359.11837279586547;
-1958298250;358.7;-20.800001;9.0;359.41527347197115;
-1958298236;358.80002;-20.6;8.7;359.4961796070252;
-1958298230;358.80002;-20.4;8.3;359.4753164366797;
-1958298219;358.80002;-20.2;8.1;359.45945971228986;
-1958298210;358.80002;-20.2;8.1;359.45945971228986;
-1958298200;358.9;-20.1;7.9;359.5491977959879;
-1958298189;359.0;-19.9;7.8;359.63571845381676;
-1958298179;359.0;-19.7;7.6;359.6204249324699;
-1958298167;358.9;-19.6;7.4;359.5109534287677;
-1958298159;358.80002;-19.7;7.2000003;359.41255288849953;
-1958298148;358.7;-19.800001;7.2000003;359.3182138533515;
-1958298139;358.6;-19.9;7.3;359.2259238488276;
-1958298129;358.6;-19.800001;7.4;359.22244420995116;
-1958298118;358.6;-19.7;7.3;359.21490003935804;
-1958298109;358.5;-19.4;7.0;359.0927595833686;
-1958298088;358.30002;-19.2;6.6;358.8747736319401;
-1958298080;358.1;-18.9;6.3;358.65375274674267;
-1958298068;358.0;-18.800001;6.2000003;358.5469007627558;
-1958298039;358.0;-18.6;6.8;358.54734696659614;
-1958298030;358.0;-18.6;6.8;358.54734696659614;
-1958298019;358.1;-18.7;7.0;358.6562482376013;
-1958298011;358.2;-18.9;7.2000003;358.77053771849444;
-1958298000;358.2;-19.0;7.4;358.7798889939747;
-1958297964;358.1;-19.300001;7.3;358.69401224204574;
-1958297963;358.0;-19.4;7.0;358.5935860904361;
-1958297963;358.0;-19.4;7.0;358.5935860904361;
-1958297961;357.80002;-19.5;6.8;358.3955121170209;
-1958297950;357.7;-19.4;6.6;358.28650367666717;
-1958297940;357.6;-19.300001;6.5;358.1794304666428;
-1958297929;357.5;-19.1;6.3;358.0652873666692;
-1958297920;357.5;-19.0;6.2000003;358.0582215276556;
-1958297910;357.4;-19.0;6.2000003;357.95837137962667;
-1958297900;357.4;-19.0;6.2000003;357.95837137962667;
-1958297890;357.4;-19.1;6.2000003;357.9636932083013;
-1958297880;357.5;-19.1;6.3;358.0652873666692;
-1958297870;357.5;-19.2;6.5;358.0742102264513;
-1958297860;357.6;-19.2;6.6;358.17588471765157;
-1958297814;357.7;-19.4;6.8;358.29024368618144;
-1958297813;357.7;-19.4;6.9;358.29215553710543;
-1958297812;357.7;-19.4;7.0;358.2940952878086;
-1958297811;357.7;-19.4;7.0;358.2940952878086;
-1958297676;357.7;-19.4;7.0;358.2940952878086;
-1958297672;357.7;-19.4;7.0;358.2940952878086;
-1958297660;357.7;-19.4;7.1;358.29606293783786;
-1958297657;357.80002;-19.4;7.2000003;358.3978977231124;
-1958297649;357.80002;-19.300001;7.6;358.4007577360186;
-1958297647;357.9;-19.300001;7.7000003;358.50269968255986;
-1958297646;357.9;-19.300001;7.8;358.50486144298407;
-1958297645;357.9;-19.4;7.8;358.51025873645233;
-1958297643;357.9;-19.4;7.8;358.51025873645233;
-1958297640;357.80002;-19.5;7.9;358.4180702818072;
-1958297640;357.80002;-19.6;7.9;358.4235247852575;
-1958297639;357.80002;-19.6;7.9;358.4235247852575;
-1958297639;357.80002;-19.6;7.9;358.4235247852575;
-1958297638;357.80002;-19.7;7.9;358.4290071054438;
-1958297638;357.80002;-19.7;7.9;358.4290071054438;
-1958297631;357.80002;-19.7;7.9;358.4290071054438;
-1958297620;357.9;-19.7;7.9;358.5288072982005;
-1958297611;357.80002;-19.7;7.9;358.4290071054438;
-1958297601;357.80002;-19.6;7.9;358.4235247852575;
-1958297591;357.80002;-19.6;7.9;358.4235247852575;
-1958297581;357.80002;-19.5;7.8;358.41588009741304;
-1958297571;357.7;-19.4;7.8;358.3106176505027;
-1958297559;357.7;-19.4;7.8;358.3106176505027;
-1958297549;357.7;-19.4;7.8;358.3106176505027;
