1716414986;322.9;-33.3;1.3000001;324.6151352104887;
1716414995;322.9;-33.3;1.3000001;324.6151352104887;
1716415005;322.9;-33.3;1.3000001;324.6151352104887;
1716415015;322.9;-33.3;1.3000001;324.6151352104887;
1716415026;322.9;-33.3;1.3000001;324.6151352104887;
1716415035;322.9;-33.3;1.3000001;324.6151352104887;
1716415045;322.9;-33.3;1.3000001;324.6151352104887;
1716415055;322.9;-33.3;1.3000001;324.6151352104887;
1716415065;322.9;-33.3;1.3000001;324.6151352104887;
1716415077;322.9;-33.3;1.3000001;324.6151352104887;
1716415085;322.9;-33.3;1.3000001;324.6151352104887;
1716415095;322.9;-33.3;1.3000001;324.6151352104887;
1716415106;322.9;-33.3;1.3000001;324.6151352104887;
1716415117;322.9;-33.3;1.3000001;324.6151352104887;
1716415125;322.9;-33.3;1.3000001;324.6151352104887;
1716415135;322.9;-33.3;1.3000001;324.6151352104887;
1716415145;322.9;-33.3;1.3000001;324.6151352104887;
1716415155;322.9;-33.3;1.3000001;324.6151352104887;
1716415170;322.9;-33.3;1.3000001;324.6151352104887;
1716415176;322.9;-33.3;1.3000001;324.6151352104887;
1716415185;322.9;-33.4;1.2;324.6250239282129;
1716415196;322.9;-33.5;1.2;324.63532780408246;
1716415205;322.9;-33.5;1.1;324.6349735601543;
1716415217;322.9;-33.5;1.1;324.6349735601543;
1716415226;322.9;-33.5;1.1;324.6349735601543;
1716415235;322.9;-33.4;1.2;324.6250239282129;
1716415245;322.9;-33.3;1.2;324.61475013876424;
1716415255;322.9;-33.3;1.2;324.61475013876424;
1716415265;322.9;-33.3;1.2;324.61475013876424;
1716415278;322.9;-33.4;1.2;324.6250239282129;
1716415285;322.80002;-33.4;1.2;324.52557976734676;
1716415299;322.80002;-33.4;1.1;324.5252254036203;
1716415306;322.80002;-33.4;1.1;324.5252254036203;
1716415316;322.80002;-33.4;1.1;324.5252254036203;
1716415325;322.80002;-33.4;1.1;324.5252254036203;
1716415335;322.80002;-33.4;1.1;324.5252254036203;
1716415349;322.80002;-33.4;1.1;324.5252254036203;
1716415356;322.80002;-33.4;1.2;324.52557976734676;
1716415368;322.80002;-33.4;1.2;324.52557976734676;
1716415375;322.80002;-33.4;1.2;324.52557976734676;
1716415385;322.80002;-33.4;1.2;324.52557976734676;
1716415395;322.80002;-33.4;1.2;324.52557976734676;
1716415405;322.80002;-33.4;1.2;324.52557976734676;
1716415415;322.80002;-33.4;1.2;324.52557976734676;
1716415425;322.80002;-33.4;1.2;324.52557976734676;
1716415435;322.80002;-33.4;1.2;324.52557976734676;
1716415445;322.80002;-33.4;1.2;324.52557976734676;
1716415455;322.80002;-33.4;1.2;324.52557976734676;
1716415465;322.80002;-33.4;1.2;324.52557976734676;
1716415475;322.80002;-33.4;1.2;324.52557976734676;
1716415485;322.80002;-33.4;1.2;324.52557976734676;
1716415495;322.80002;-33.4;1.2;324.52557976734676;
1716415505;322.80002;-33.4;1.2;324.52557976734676;
1716415517;322.80002;-33.4;1.2;324.52557976734676;
1716415525;322.80002;-33.4;1.2;324.52557976734676;
1716415535;322.80002;-33.4;1.2;324.52557976734676;
1716415545;322.80002;-33.5;1.2;324.53588680052604;
1716415555;322.80002;-33.5;1.2;324.53588680052604;
1716415567;322.80002;-33.5;1.2;324.53588680052604;
1716415575;322.80002;-33.5;1.2;324.53588680052604;
1716415587;322.80002;-33.5;1.2;324.53588680052604;
1716415595;322.80002;-33.5;1.1;324.5355324480539;
1716415605;322.80002;-33.5;1.1;324.5355324480539;
1716415615;322.80002;-33.5;1.1;324.5355324480539;
1716415625;322.80002;-33.5;1.1;324.5355324480539;
1716415635;322.80002;-33.5;1.1;324.5355324480539;
1716415645;322.80002;-33.5;1.1;324.5355324480539;
1716415655;322.80002;-33.5;1.1;324.5355324480539;
1716415666;322.80002;-33.5;1.1;324.5355324480539;
1716415675;322.80002;-33.5;1.1;324.5355324480539;
1716415686;322.80002;-33.5;1.1;324.5355324480539;
1716415696;322.80002;-33.5;1.1;324.5355324480539;
1716415705;322.80002;-33.5;1.1;324.5355324480539;
1716415726;322.80002;-33.5;1.1;324.5355324480539;
1716415727;322.80002;-33.5;1.1;324.5355324480539;
1716415736;322.80002;-33.5;1.1;324.5355324480539;
1716415749;322.80002;-33.5;1.1;324.5355324480539;
1716415763;322.80002;-33.5;1.1;324.5355324480539;
1716415768;322.80002;-33.5;1.1;324.5355324480539;
1716415776;322.80002;-33.5;1.1;324.5355324480539;
1716415791;322.7;-33.5;1.1;324.43606131019186;
1716415795;322.7;-33.5;1.1;324.43606131019186;
1716415805;322.7;-33.5;1.0;324.4357376714503;
1716415817;322.6;-33.600002;0.90000004;324.34631814136765;
1716415825;322.6;-33.600002;0.8;324.34605607563043;
1716415839;322.6;-33.600002;0.8;324.34605607563043;
1716415845;322.6;-33.600002;0.90000004;324.34631814136765;
1716415855;322.6;-33.600002;0.90000004;324.34631814136765;
1716415871;322.7;-33.5;0.90000004;324.4354448553402;
1716415875;322.7;-33.5;1.0;324.4357376714503;
1716415885;322.7;-33.600002;1.1;324.44640240304585;
1716415897;322.7;-33.600002;1.1;324.44640240304585;
1716415905;322.7;-33.600002;1.1;324.44640240304585;
1716415915;322.7;-33.600002;1.1;324.44640240304585;
1716415926;322.7;-33.5;1.1;324.43606131019186;
1716415938;322.7;-33.5;1.1;324.43606131019186;
1716415945;322.7;-33.5;1.1;324.43606131019186;
1716415955;322.80002;-33.5;1.1;324.5355324480539;
1716415966;322.80002;-33.5;1.1;324.5355324480539;
1716415975;322.80002;-33.5;1.1;324.5355324480539;
1716415988;322.80002;-33.5;1.1;324.5355324480539;
1716415995;322.80002;-33.5;1.1;324.5355324480539;
1716416007;322.80002;-33.5;1.1;324.5355324480539;
1716416018;322.80002;-33.5;1.1;324.5355324480539;
1716416027;322.80002;-33.5;1.1;324.5355324480539;
1716416038;322.80002;-33.5;1.1;324.5355324480539;
1716416046;322.80002;-33.5;1.1;324.5355324480539;
1716416056;322.80002;-33.5;1.1;324.5355324480539;
1716416069;322.80002;-33.5;1.1;324.5355324480539;
1716416076;322.80002;-33.5;1.1;324.5355324480539;
1716416088;322.80002;-33.5;1.1;324.5355324480539;
1716416096;322.80002;-33.5;1.1;324.5355324480539;
1716416126;322.80002;-33.5;1.1;324.5355324480539;
1716416136;322.9;-33.600002;1.1;324.64530831695487;
1716416145;322.9;-33.600002;1.1;324.64530831695487;
1716416155;322.9;-33.600002;1.1;324.64530831695487;
1716416167;322.9;-33.8;1.1;324.666068456233;
1716416175;323.0;-33.9;1.1;324.7759537027134;
1716416185;323.0;-33.9;1.1;324.7759537027134;
1716416195;323.0;-33.9;1.1;324.7759537027134;
1716416205;323.0;-33.9;1.1;324.7759537027134;
1716416215;323.0;-33.9;1.1;324.7759537027134;
1716416231;323.0;-33.9;1.1;324.7759537027134;
1716416235;323.0;-33.9;1.1;324.7759537027134;
1716416246;323.0;-33.9;1.1;324.7759537027134;
1716416255;323.0;-33.9;1.1;324.7759537027134;
1716416266;323.1;-33.9;1.1;324.8754131164728;
1716416278;323.1;-33.9;1.1;324.8754131164728;
1716416287;323.0;-33.9;1.2;324.77630779287;
1716416296;323.0;-33.9;1.2;324.77630779287;
1716416305;323.0;-33.9;1.2;324.77630779287;
1716416316;323.0;-33.9;1.2;324.77630779287;
1716416326;323.0;-33.9;1.2;324.77630779287;
1716416336;322.9;-33.9;1.3000001;324.6772338215142;
1716416346;322.9;-33.8;1.3000001;324.6668076766717;
1716416356;322.9;-33.8;1.3000001;324.6668076766717;
1716416366;322.9;-33.7;1.3000001;324.65641239617884;
1716416376;322.80002;-33.600002;1.3000001;324.5466098656462;
1716416570;322.80002;-33.600002;1.3000001;324.5466098656462;
1716416572;322.80002;-33.600002;1.3000001;324.5466098656462;
1716416574;322.80002;-33.5;1.3000001;324.53627196582414;
1716416575;322.80002;-33.5;1.4;324.5366879433243;
1716416578;322.80002;-33.5;1.4;324.5366879433243;
1716416578;322.80002;-33.5;1.4;324.5366879433243;
1716416579;322.80002;-33.5;1.4;324.5366879433243;
1716416581;322.80002;-33.5;1.4;324.5366879433243;
1716416581;322.80002;-33.5;1.4;324.5366879433243;
1716416582;322.80002;-33.4;1.4;324.5263809355895;
1716416584;322.80002;-33.4;1.4;324.5263809355895;
1716416586;322.80002;-33.4;1.4;324.5263809355895;
1716416587;322.80002;-33.4;1.4;324.5263809355895;
1716416588;322.80002;-33.4;1.4;324.5263809355895;
1716416588;322.80002;-33.4;1.4;324.5263809355895;
1716416589;322.80002;-33.4;1.4;324.5263809355895;
1716416589;322.80002;-33.4;1.4;324.5263809355895;
1716416590;322.80002;-33.4;1.4;324.5263809355895;
1716416590;322.80002;-33.4;1.3000001;324.52596494487784;
1716416595;322.80002;-33.4;1.3000001;324.52596494487784;
1716416605;322.80002;-33.4;1.3000001;324.52596494487784;
1716416615;322.80002;-33.4;1.3000001;324.52596494487784;
1716416635;322.80002;-33.4;1.3000001;324.52596494487784;
1716416645;322.80002;-33.4;1.3000001;324.52596494487784;
1716416655;322.80002;-33.4;1.3000001;324.52596494487784;
1716416665;322.80002;-33.4;1.3000001;324.52596494487784;
1716416675;322.80002;-33.4;1.3000001;324.52596494487784;
1716416685;322.80002;-33.4;1.3000001;324.52596494487784;
1716416695;322.80002;-33.4;1.3000001;324.52596494487784;
1716416705;322.80002;-33.4;1.3000001;324.52596494487784;
1716416722;322.80002;-33.5;1.3000001;324.53627196582414;
1716416726;322.80002;-33.5;1.3000001;324.53627196582414;
1716416735;322.80002;-33.5;1.3000001;324.53627196582414;
1716416745;322.9;-33.5;1.3000001;324.6357128513984;
1716416756;322.9;-33.5;1.3000001;324.6357128513984;
1716416765;322.9;-33.5;1.3000001;324.6357128513984;
1716416775;323.0;-33.600002;1.2;324.74513107038734;
1716416786;323.0;-33.600002;1.2;324.74513107038734;
1716416795;323.0;-33.600002;1.2;324.74513107038734;
1716416807;323.0;-33.600002;1.2;324.74513107038734;
1716416816;323.1;-33.600002;1.1;324.8442459055615;
1716416839;323.1;-33.600002;1.1;324.8442459055615;
1716416840;323.2;-33.600002;1.0;324.94339206150005;
1716416846;323.2;-33.600002;1.0;324.94339206150005;
1716416867;323.2;-33.600002;0.90000004;324.9430997028528;
1716416883;323.2;-33.600002;0.90000004;324.9430997028528;
1716416889;323.30002;-33.600002;0.90000004;325.04256950970733;
1716416891;323.30002;-33.600002;0.90000004;325.04256950970733;
1716416896;323.2;-33.600002;0.90000004;324.9430997028528;
1716416906;323.2;-33.600002;1.0;324.94339206150005;
1716416925;323.2;-33.600002;1.0;324.94339206150005;
1716416926;323.2;-33.5;1.0;324.9330667854922;
1716416936;323.1;-33.5;1.0;324.833594235713;
1716416948;323.1;-33.5;1.1;324.83391747806184;
1716416955;323.1;-33.5;1.1;324.83391747806184;
1716416965;323.1;-33.4;1.1;324.8236199017445;
1716416975;323.0;-33.3;1.2;324.7142281288313;
1716416985;322.9;-33.2;1.2;324.60450722244025;
1716416995;322.9;-33.100002;1.2;324.59429478964023;
1716417005;322.9;-33.100002;1.2;324.59429478964023;
1716417015;322.80002;-33.100002;1.2;324.49484121157246;
1716417025;322.80002;-33.100002;1.2;324.49484121157246;
1716417035;322.80002;-33.100002;1.3000001;324.4952264255903;
1716417045;322.80002;-33.2;1.3000001;324.50544197614704;
1716417055;322.80002;-33.2;1.3000001;324.50544197614704;
1716417065;322.80002;-33.2;1.3000001;324.50544197614704;
1716417075;322.80002;-33.2;1.3000001;324.50544197614704;
1716417089;322.80002;-33.2;1.3000001;324.50544197614704;
1716417101;322.80002;-33.2;1.3000001;324.50544197614704;
1716417108;322.80002;-33.2;1.3000001;324.50544197614704;
1716417115;322.80002;-33.2;1.3000001;324.50544197614704;
1716417125;322.80002;-33.2;1.3000001;324.50544197614704;
1716417135;322.80002;-33.2;1.3000001;324.50544197614704;
