-1966536966;130.6;-32.4;-2.0;134.57385218947726;
-1966536956;130.6;-32.4;-2.0;134.57385218947726;
-1966536946;130.7;-32.4;-2.0;134.67089255346707;
-1966536936;130.7;-32.3;-2.0;134.6468683370862;
-1966536926;130.7;-32.2;-1.9;134.62146653232247;
-1966536916;130.7;-32.2;-1.9;134.62146653232247;
-1966536906;130.7;-32.100002;-1.9;134.5975829988119;
-1966536897;130.7;-32.0;-1.9;134.57376862590985;
-1966536887;130.7;-32.0;-1.9;134.57376862590985;
-1966536877;130.7;-31.9;-1.9;134.55002481546464;
-1966536867;130.7;-31.9;-1.9;134.55002481546464;
-1966536857;130.6;-31.9;-1.8000001;134.45152126382968;
-1966536847;130.6;-31.9;-1.8000001;134.45152126382968;
-1966536836;130.6;-31.9;-1.8000001;134.45152126382968;
-1966536827;130.6;-31.9;-1.9;134.45289721612528;
-1966536816;130.6;-31.9;-1.9;134.45289721612528;
-1966536807;130.6;-31.9;-1.8000001;134.45152126382968;
-1966536797;130.6;-31.9;-1.8000001;134.45152126382968;
-1966536786;130.6;-31.9;-1.8000001;134.45152126382968;
-1966536777;130.6;-31.800001;-1.7;134.42652888170872;
-1966536766;130.6;-31.800001;-1.6;134.42530143949477;
-1966536757;130.6;-31.7;-1.6;134.40168020781948;
-1966536746;130.6;-31.5;-1.6;134.35464857724355;
-1966536737;130.6;-31.5;-1.6;134.35464857724355;
-1966536726;130.6;-31.300001;-1.6;134.30789874744758;
-1966536717;130.7;-31.1;-1.5;134.3575424976132;
-1966536706;130.8;-31.0;-1.5;134.4317328547834;
-1966536692;130.90001;-31.0;-1.4;134.52796139384523;
-1966536684;130.90001;-31.0;-1.4;134.52796139384523;
-1966536676;131.0;-31.0;-1.4;134.62525765967263;
-1966536666;131.0;-31.0;-1.5;134.62633471947456;
-1966536657;131.0;-31.0;-1.6;134.62748604975246;
-1966536647;131.0;-31.1;-1.6;134.65054780357823;
-1966536635;131.0;-31.0;-1.7;134.6287116486009;
-1966536625;131.0;-31.0;-1.8000001;134.63001151399152;
-1966536616;131.0;-30.9;-1.8000001;134.60702053267008;
-1966536606;131.0;-30.9;-1.8000001;134.60702053267008;
-1966536589;131.0;-30.800001;-1.9;134.585474960729;
-1966536585;131.0;-30.800001;-1.9;134.585474960729;
-1966536526;131.0;-30.800001;-1.9;134.585474960729;
-1966536525;131.0;-30.800001;-1.9;134.585474960729;
-1966536524;130.90001;-30.800001;-2.0;134.4895998482644;
-1966536522;130.8;-31.0;-2.0;134.43824157708943;
-1966536490;130.6;-31.1;-2.0;134.26679268518234;
-1966536490;130.6;-31.1;-2.0;134.26679268518234;
-1966536489;130.6;-31.2;-1.9;134.28853875798612;
-1966536488;130.5;-31.4;-1.7;134.23524118578484;
-1966536485;130.5;-31.5;-1.6;134.25743927275053;
-1966536485;130.6;-31.7;-1.5;134.40052694319573;
-1966536476;130.6;-31.800001;-1.5;134.42414837752457;
-1966536466;130.6;-31.800001;-1.5;134.42414837752457;
-1966536456;130.5;-31.800001;-1.6;134.3281432643983;
-1966536446;130.5;-31.800001;-1.8000001;134.33067435638785;
-1966536435;130.5;-31.800001;-1.9;134.33205154650852;
-1966536427;130.5;-31.800001;-2.0;134.33350316575692;
-1966536417;130.5;-31.800001;-2.1000001;134.3350292119864;
-1966536405;130.5;-31.800001;-2.2;134.33662967706996;
-1966536397;130.5;-31.800001;-2.2;134.33662967706996;
-1966536385;130.3;-31.800001;-2.3;134.1440303101602;
-1966536376;130.1;-31.7;-2.5;133.92965181954727;
-1966536363;129.90001;-31.7;-2.7;133.7392703253909;
-1966536357;129.7;-31.7;-2.8;133.5470675697425;
-1966536346;129.6;-31.7;-2.9;133.45209489159313;
-1966536336;129.6;-31.7;-3.0;133.45430540226738;
-1966536327;129.6;-31.7;-3.0;133.45430540226738;
-1966536317;129.6;-31.7;-3.0;133.45430540226738;
-1966536306;129.6;-31.7;-3.0;133.45430540226738;
-1966536297;129.6;-31.7;-2.9;133.45209489159313;
-1966536286;129.6;-31.7;-2.9;133.45209489159313;
-1966536277;129.6;-31.6;-2.9;133.4283763173835;
-1966536266;129.6;-31.6;-2.9;133.4283763173835;
-1966536257;129.5;-31.6;-2.9;133.3312417427439;
-1966536247;129.5;-31.6;-2.8;133.3291041890024;
-1966536236;129.5;-31.6;-2.8;133.3291041890024;
-1966536227;129.40001;-31.6;-2.8;133.2319871248144;
-1966536217;129.40001;-31.6;-2.8;133.2319871248144;
-1966536207;129.40001;-31.5;-2.8;133.2083044300085;
-1966536195;129.40001;-31.5;-2.8;133.2083044300085;
-1966536187;129.40001;-31.5;-2.8;133.2083044300085;
-1966536176;129.40001;-31.4;-2.8;133.18469260827808;
-1966536166;129.40001;-31.4;-2.8;133.18469260827808;
-1966536157;129.40001;-31.4;-2.8;133.18469260827808;
-1966536147;129.40001;-31.4;-2.8;133.18469260827808;
-1966536137;129.40001;-31.4;-2.8;133.18469260827808;
-1966536127;129.40001;-31.4;-2.8;133.18469260827808;
-1966536115;129.40001;-31.4;-2.8;133.18469260827808;
-1966536106;129.40001;-31.4;-2.8;133.18469260827808;
-1966536097;129.40001;-31.4;-2.8;133.18469260827808;
-1966536087;129.40001;-31.4;-2.8;133.18469260827808;
-1966536077;129.40001;-31.4;-2.8;133.18469260827808;
-1966536066;129.40001;-31.4;-2.8;133.18469260827808;
-1966536057;129.40001;-31.4;-2.8;133.18469260827808;
-1966536046;129.40001;-31.4;-2.8;133.18469260827808;
-1966536036;129.40001;-31.4;-2.8;133.18469260827808;
-1966536027;129.40001;-31.4;-2.8;133.18469260827808;
-1966536016;129.40001;-31.4;-2.8;133.18469260827808;
-1966536007;129.40001;-31.4;-2.9;133.18683247972257;
-1966535996;129.40001;-31.4;-2.9;133.18683247972257;
-1966535986;129.40001;-31.4;-2.9;133.18683247972257;
-1966535976;129.3;-31.4;-2.9;133.08967189748952;
-1966535966;129.3;-31.4;-2.9;133.08967189748952;
-1966535957;129.3;-31.4;-2.9;133.08967189748952;
-1966535946;129.3;-31.4;-2.9;133.08967189748952;
-1966535937;129.3;-31.4;-2.9;133.08967189748952;
-1966535926;129.3;-31.4;-2.9;133.08967189748952;
-1966535916;129.3;-31.300001;-2.9;133.0661146249402;
-1966535907;129.3;-31.300001;-2.9;133.0661146249402;
-1966535894;129.3;-31.300001;-2.9;133.0661146249402;
-1966535886;129.3;-31.300001;-2.9;133.0661146249402;
-1966535876;129.3;-31.300001;-2.9;133.0661146249402;
-1966535862;129.3;-31.300001;-2.9;133.0661146249402;
-1966535855;129.3;-31.300001;-2.9;133.0661146249402;
-1966535846;129.3;-31.300001;-2.9;133.0661146249402;
-1966535837;129.3;-31.300001;-2.9;133.0661146249402;
-1966535826;129.3;-31.2;-2.9;133.0426278955175;
-1966535816;129.40001;-31.2;-3.0;133.14203850396865;
-1966535807;129.40001;-31.2;-3.0;133.14203850396865;
-1966535796;129.40001;-31.2;-3.0;133.14203850396865;
-1966535787;129.40001;-31.1;-3.0;133.1186402917047;
-1966535776;129.40001;-31.1;-3.0;133.1186402917047;
-1966535767;129.40001;-31.1;-3.0;133.1186402917047;
-1966535757;129.40001;-31.1;-3.0;133.1186402917047;
-1966535747;129.40001;-31.1;-3.0;133.1186402917047;
-1966535737;129.40001;-31.1;-2.9;133.11642420702788;
-1966535727;129.40001;-31.1;-2.9;133.11642420702788;
-1966535716;129.40001;-31.1;-2.9;133.11642420702788;
-1966535707;129.40001;-31.1;-2.9;133.11642420702788;
-1966535697;129.40001;-31.1;-2.9;133.11642420702788;
-1966535687;129.40001;-31.1;-2.9;133.11642420702788;
-1966535676;129.40001;-31.2;-2.9;133.1398228087502;
-1966535667;129.40001;-31.2;-2.9;133.1398228087502;
-1966535657;129.40001;-31.300001;-2.9;133.16329239538197;
-1966535644;129.40001;-31.300001;-2.9;133.16329239538197;
-1966535636;129.40001;-31.300001;-2.9;133.16329239538197;
-1966535627;129.40001;-31.300001;-2.9;133.16329239538197;
-1966535617;129.40001;-31.300001;-2.9;133.16329239538197;
-1966535607;129.40001;-31.300001;-2.9;133.16329239538197;
-1966535597;129.40001;-31.300001;-2.9;133.16329239538197;
-1966535586;129.40001;-31.300001;-2.9;133.16329239538197;
-1966535577;129.40001;-31.300001;-3.0;133.16550770009803;
-1966535567;129.40001;-31.300001;-3.0;133.16550770009803;
-1966535557;129.40001;-31.4;-3.0;133.18904739290147;
-1966535546;129.40001;-31.4;-3.0;133.18904739290147;
-1966535536;129.40001;-31.5;-3.0;133.2126584427503;
-1966535526;129.40001;-31.5;-3.0;133.2126584427503;
-1966535516;129.40001;-31.6;-3.0;133.23634036363254;
-1966535507;129.40001;-31.6;-3.0;133.23634036363254;
-1966535496;129.40001;-31.6;-3.0;133.23634036363254;
-1966535486;129.5;-31.6;-3.0;133.33345425702015;
-1966535475;129.5;-31.6;-3.0;133.33345425702015;
-1966535461;129.5;-31.6;-3.0;133.33345425702015;
-1966535452;129.5;-31.6;-3.0;133.33345425702015;
-1966535443;129.5;-31.6;-3.0;133.33345425702015;
-1966535434;129.5;-31.6;-3.0;133.33345425702015;
-1966535424;129.5;-31.6;-3.0;133.33345425702015;
-1966535414;129.5;-31.6;-3.0;133.33345425702015;
-1966535401;129.5;-31.7;-3.0;133.35718971382968;
-1966535393;129.5;-31.7;-3.0;133.35718971382968;
-1966535386;129.5;-31.7;-3.0;133.35718971382968;
-1966535376;129.5;-31.7;-3.0;133.35718971382968;
-1966535366;129.5;-31.7;-3.0;133.35718971382968;
-1966535355;129.5;-31.7;-3.0;133.35718971382968;
-1966535346;129.5;-31.7;-3.0;133.35718971382968;
-1966535337;129.5;-31.7;-3.0;133.35718971382968;
-1966535326;129.6;-31.800001;-3.0;133.47809428822285;
-1966535315;129.6;-31.800001;-3.0;133.47809428822285;
-1966535306;129.6;-31.800001;-3.0;133.47809428822285;
-1966535296;129.6;-31.800001;-3.0;133.47809428822285;
-1966535287;129.6;-31.800001;-3.0;133.47809428822285;
-1966535277;129.6;-31.800001;-3.0;133.47809428822285;
-1966535267;129.6;-31.800001;-3.0;133.47809428822285;
-1966535256;129.5;-31.9;-3.1000001;133.40715864056602;
-1966535246;129.5;-32.0;-3.1000001;133.43110582201933;
-1966535237;129.5;-32.0;-3.1000001;133.43110582201933;
-1966535227;129.5;-32.0;-3.1000001;133.43110582201933;
-1966535214;129.5;-32.0;-3.1000001;133.43110582201933;
-1966535203;129.5;-32.0;-3.1000001;133.43110582201933;
-1966535193;129.5;-32.0;-3.1000001;133.43110582201933;
-1966535184;129.5;-32.0;-3.1000001;133.43110582201933;
-1966535174;129.5;-32.0;-3.1000001;133.43110582201933;
-1966535158;129.5;-32.0;-3.2;133.43346656781864;
-1966535155;129.5;-32.0;-3.2;133.43346656781864;
-1966535146;129.5;-32.0;-3.2;133.43346656781864;
-1966535135;129.5;-32.100002;-3.3;133.45991962618376;
-1966535126;129.40001;-32.100002;-3.3;133.36289782399106;
-1966535115;129.40001;-32.100002;-3.4;133.3654097469636;
-1966535106;129.40001;-32.100002;-3.4;133.3654097469636;
-1966535095;129.40001;-32.100002;-3.5;133.36799659711093;
-1966535086;129.3;-32.100002;-3.5;133.27096809180432;
-1966535076;129.3;-32.100002;-3.6000001;133.2736318149869;
-1966535066;129.2;-32.0;-3.6000001;133.1525411415635;
-1966535055;129.2;-32.0;-3.7;133.15528232773437;
-1966535034;129.2;-32.0;-3.8;133.15809855605252;
-1966535033;129.2;-32.0;-3.8;133.15809855605252;
-1966535026;129.2;-32.0;-3.8;133.15809855605252;
-1966535016;129.40001;-31.800001;-3.8;133.3043226673722;
-1966535003;129.6;-31.7;-3.8;133.47468535283855;
-1966534996;129.7;-31.6;-3.8;133.54807835427854;
-1966534985;129.7;-31.6;-3.8;133.54807835427854;
-1966534976;129.90001;-31.5;-3.9;133.72162270659143;
-1966534966;130.0;-31.4;-3.9;133.79525393969536;
-1966534956;130.2;-31.4;-3.9;133.9895860957479;
-1966534946;130.3;-31.300001;-4.0;134.06633010166314;
-1966534935;130.3;-31.2;-4.0;134.04301862795958;
-1966534926;130.3;-31.2;-4.1;134.04604000907116;
-1966534916;130.3;-31.2;-4.1;134.04604000907116;
-1966534904;130.3;-31.2;-4.2000003;134.04913593641243;
-1966534896;130.3;-31.300001;-4.2000003;134.072446346486;
-1966534886;130.3;-31.4;-4.2000003;134.09582683191545;
-1966534876;130.3;-31.5;-4.1;134.1161839395458;
-1966534866;130.3;-31.7;-4.1;134.16329916514593;
-1966534855;130.3;-31.7;-4.1;134.16329916514593;
-1966534846;130.3;-31.800001;-4.0;134.18394415157323;
-1966534836;130.3;-31.9;-4.0;134.20767776453897;
-1966534826;130.3;-32.100002;-4.0;134.25535721985264;
-1966534816;130.3;-32.100002;-3.9;134.25241503590954;
-1966534806;130.3;-32.2;-3.9;134.2763599639388;
-1966534599;130.3;-32.2;-3.8;134.27349270819985;
-1966534593;130.3;-32.3;-3.8;134.29750833742156;
-1966534590;130.3;-32.3;-3.8;134.29750833742156;
-1966534589;130.3;-32.3;-3.7;134.29471600310666;
-1966534589;130.3;-32.3;-3.7;134.29471600310666;
-1966534588;130.3;-32.3;-3.7;134.29471600310666;
-1966534587;130.3;-32.3;-3.7;134.29471600310666;
-1966534581;130.3;-32.3;-3.7;134.29471600310666;
-1966534580;130.2;-32.3;-3.7;134.19768685185764;
-1966534574;130.2;-32.3;-3.6000001;134.19496695877368;
-1966534574;130.2;-32.2;-3.6000001;134.17093297538608;
-1966534567;130.2;-32.2;-3.5;134.16828706686084;
-1966534566;130.2;-32.2;-3.5;134.16828706686084;
-1966534565;130.3;-32.100002;-3.5;134.24139057023447;
-1966534563;130.3;-32.100002;-3.5;134.24139057023447;
-1966534561;130.3;-32.100002;-3.5;134.24139057023447;
-1966534558;130.3;-32.0;-3.4;134.2149425210792;
-1966534557;130.3;-32.0;-3.4;134.2149425210792;
-1966534556;130.3;-32.0;-3.4;134.2149425210792;
-1966534556;130.3;-32.0;-3.4;134.2149425210792;
-1966534555;130.3;-32.0;-3.4;134.2149425210792;
-1966534555;130.3;-32.0;-3.4;134.2149425210792;
-1966534554;130.40001;-32.0;-3.4;134.31203366915378;
-1966534554;130.40001;-32.0;-3.4;134.31203366915378;
-1966534553;130.40001;-32.0;-3.4;134.31203366915378;
-1966534546;130.5;-32.0;-3.3;134.40662185950993;
-1966534531;130.5;-32.0;-3.3;134.40662185950993;
-1966534521;130.5;-31.9;-3.3;134.3828485162728;
-1966534517;130.5;-31.9;-3.3;134.3828485162728;
-1966534507;130.5;-31.9;-3.3;134.3828485162728;
-1966534496;130.5;-31.9;-3.3;134.3828485162728;
-1966534487;130.5;-31.9;-3.3;134.3828485162728;
-1966534476;130.5;-31.800001;-3.2;134.35672693650142;
