1716731225;330.0;-36.9;1.5;332.06002486389394;
1716731238;330.0;-36.9;1.5;332.06002486389394;
1716731246;330.0;-36.9;1.5;332.06002486389394;
1716731255;330.0;-36.9;1.5;332.06002486389394;
1716731265;330.0;-36.9;1.5;332.06002486389394;
1716731277;330.0;-36.9;1.5;332.06002486389394;
1716731285;330.0;-36.9;1.5;332.06002486389394;
1716731295;330.0;-36.9;1.5;332.06002486389394;
1716731305;330.0;-36.9;1.5;332.06002486389394;
1716731315;330.0;-36.9;1.5;332.06002486389394;
1716731325;330.0;-36.9;1.5;332.06002486389394;
1716731335;330.1;-36.9;1.5;332.1594107385051;
1716731346;330.1;-36.9;1.5;332.1594107385051;
1716731355;330.1;-36.9;1.5;332.1594107385051;
1716731365;330.1;-36.9;1.5;332.1594107385051;
1716731375;330.1;-36.9;1.5;332.1594107385051;
1716731385;330.1;-36.9;1.5;332.1594107385051;
1716731396;330.1;-36.9;1.5;332.1594107385051;
1716731405;330.1;-37.0;1.5;332.1705345594956;
1716731415;330.1;-37.100002;1.4;332.1812520286246;
1716731425;330.1;-37.100002;1.3000001;332.18084562412287;
1716731435;330.1;-37.100002;1.3000001;332.18084562412287;
1716731445;330.0;-37.0;1.3000001;332.07030882056586;
1716731455;330.0;-36.9;1.4;332.059588195467;
1716731465;330.0;-36.9;1.4;332.059588195467;
1716731483;330.0;-36.9;1.4;332.059588195467;
1716731485;329.9;-36.9;1.4;331.96020256266195;
1716731498;329.9;-36.9;1.3000001;331.9597958875386;
1716731505;329.80002;-36.9;1.3000001;331.8604408338434;
1716731515;329.80002;-36.9;1.3000001;331.8604408338434;
1716731525;329.80002;-36.8;1.3000001;331.84933632850715;
1716731536;329.80002;-36.8;1.3000001;331.84933632850715;
1716731553;329.9;-36.8;1.4;331.94910139459836;
1716731555;329.9;-36.8;1.4;331.94910139459836;
1716731565;329.9;-36.8;1.4;331.94910139459836;
1716731576;329.9;-36.8;1.4;331.94910139459836;
1716731586;329.9;-36.8;1.4;331.94910139459836;
1716731595;329.9;-36.8;1.4;331.94910139459836;
1716731605;329.9;-36.8;1.4;331.94910139459836;
1716731615;329.9;-36.8;1.4;331.94910139459836;
1716731625;329.9;-36.8;1.4;331.94910139459836;
1716731635;329.9;-36.8;1.4;331.94910139459836;
1716731645;329.9;-36.8;1.4;331.94910139459836;
1716731655;329.9;-36.8;1.4;331.94910139459836;
1716731665;329.9;-36.8;1.4;331.94910139459836;
1716731675;329.9;-36.9;1.4;331.96020256266195;
1716731685;329.80002;-36.9;1.4;331.8608476307203;
1716731695;329.7;-36.9;1.4;331.7614627437305;
1716731705;329.7;-37.0;1.4;331.7725999073007;
1716731716;329.6;-37.0;1.4;331.6732187309834;
1716731725;329.5;-37.0;1.4;331.57383793045744;
1716731735;329.30002;-37.0;1.3000001;331.37470039143375;
1716731745;329.30002;-37.0;1.3000001;331.37470039143375;
1716731755;329.2;-37.0;1.3000001;331.2753205979816;
1716731766;329.0;-37.100002;1.3000001;331.0877529749723;
1716731775;328.80002;-37.100002;1.2;330.8886553071301;
1716731785;328.7;-37.100002;1.2;330.78928065287613;
1716731795;328.6;-37.2;1.1;330.70079236077686;
1716731805;328.5;-37.2;1.1;330.6014217404625;
1716731817;328.4;-37.2;1.1;330.502051503506;
1716731825;328.30002;-37.2;1.1;330.4027119736165;
1716731835;328.2;-37.2;1.1;330.3033425042965;
1716731845;328.1;-37.2;1.1;330.2039734193732;
1716731855;328.0;-37.2;1.0;330.10428663796944;
1716731872;328.0;-37.2;1.0;330.10428663796944;
1716731875;327.9;-37.2;1.0;330.00491822710336;
1716731885;327.80002;-37.3;1.0;329.9168712683236;
1716731895;327.7;-37.3;0.90000004;329.8172189920313;
1716731905;327.7;-37.3;0.90000004;329.8172189920313;
1716731915;327.7;-37.3;0.90000004;329.8172189920313;
1716731925;327.7;-37.3;0.90000004;329.8172189920313;
1716731935;327.6;-37.3;0.90000004;329.71785505515555;
1716731945;327.6;-37.3;0.90000004;329.71785505515555;
1716731955;327.5;-37.3;0.90000004;329.6184915066949;
1716731967;327.5;-37.3;0.90000004;329.6184915066949;
1716731975;327.5;-37.3;0.90000004;329.6184915066949;
1716731985;327.5;-37.4;0.90000004;329.6298228531516;
1716731995;327.4;-37.3;0.8;329.51887039518965;
1716732005;327.4;-37.3;0.7;329.51864279048925;
1716732015;327.4;-37.2;0.7;329.50733840108023;
1716732025;327.4;-37.3;0.8;329.51887039518965;
1716732039;327.4;-37.3;0.90000004;329.5191283470007;
1716732045;327.5;-37.4;0.90000004;329.6298228531516;
1716732055;327.5;-37.4;0.90000004;329.6298228531516;
1716732065;327.5;-37.4;0.90000004;329.6298228531516;
1716732075;327.6;-37.4;0.90000004;329.72918298692275;
1716732086;327.7;-37.4;1.0;329.82883153936706;
1716732095;327.7;-37.4;1.0;329.82883153936706;
1716732105;327.80002;-37.5;1.0;329.93954295354604;
1716732115;327.9;-37.5;1.0;330.03887043394525;
1716732125;328.0;-37.5;1.0;330.13822862552587;
1716732135;328.1;-37.5;1.0;330.2375872082507;
1716732145;328.2;-37.4;1.0;330.3256092506774;
1716732155;328.2;-37.4;1.0;330.3256092506774;
1716732165;328.4;-37.3;1.0;330.51300418333875;
1716732175;328.5;-37.2;1.0;330.6011041372407;
1716732185;328.6;-37.100002;1.1;330.68955862124415;
1716732195;328.80002;-37.0;1.1;330.87711018000084;
1716732205;328.9;-36.9;1.1;330.9652944007419;
1716732215;328.9;-36.9;1.1;330.9652944007419;
1716732225;329.0;-36.9;1.2;331.06502399487067;
1716732238;329.2;-36.9;1.2;331.2637893731125;
1716732246;329.4;-36.9;1.3000001;331.46290304014383;
1716732259;329.5;-36.9;1.3000001;331.5622869278046;
1716732267;329.7;-36.9;1.3000001;331.76105582499036;
1716732276;329.7;-36.9;1.3000001;331.76105582499036;
1716732286;330.0;-36.8;1.4;332.0484903501007;
1716732296;330.1;-36.7;1.4;332.136815311814;
1716732306;330.2;-36.7;1.3000001;332.23580198062535;
1716732316;330.2;-36.600002;1.3000001;332.2247706436879;
1716732325;330.2;-36.600002;1.3000001;332.2247706436879;
1716732336;330.30002;-36.600002;1.3000001;332.32416743847426;
1716732346;330.30002;-36.600002;1.2;332.32379129939454;
1716732355;330.4;-36.5;1.2;332.412162784263;
1716732365;330.4;-36.5;1.2;332.412162784263;
1716732375;330.4;-36.4;1.2;332.40119746775184;
1716732386;330.4;-36.4;1.2;332.40119746775184;
1716732396;330.5;-36.4;1.2;332.5006016704307;
1716732409;330.5;-36.4;1.2;332.5006016704307;
1716732415;330.5;-36.4;1.2;332.5006016704307;
1716732425;330.5;-36.4;1.3000001;332.50097760949507;
1716732435;330.5;-36.4;1.3000001;332.50097760949507;
1716732445;330.5;-36.4;1.3000001;332.50097760949507;
1716732455;330.5;-36.5;1.3000001;332.51193963553544;
1716732465;330.5;-36.5;1.4;332.5123456353662;
1716732475;330.5;-36.4;1.4;332.501383622711;
1716732485;330.4;-36.4;1.4;332.4019796538735;
1716732499;330.4;-36.4;1.4;332.4019796538735;
1716732506;330.30002;-36.3;1.3000001;332.2912608552084;
1716732597;330.30002;-36.3;1.3000001;332.2912608552084;
1716732605;330.30002;-36.2;1.4;332.2807580211615;
1716732605;330.30002;-36.2;1.4;332.2807580211615;
1716732607;330.4;-36.2;1.4;332.3801378271075;
1716732613;330.4;-36.2;1.4;332.3801378271075;
1716732616;330.4;-36.2;1.4;332.3801378271075;
1716732617;330.4;-36.2;1.4;332.3801378271075;
1716732618;330.4;-36.2;1.5;332.3805740744091;
1716732623;330.4;-36.3;1.5;332.3914799019486;
1716732624;330.5;-36.3;1.5;332.4908870098707;
1716732625;330.5;-36.3;1.5;332.4908870098707;
1716732627;330.5;-36.3;1.5;332.4908870098707;
1716732635;330.5;-36.3;1.5;332.4908870098707;
1716732645;330.5;-36.3;1.5;332.4908870098707;
1716732661;330.5;-36.3;1.5;332.4908870098707;
1716732665;330.5;-36.3;1.5;332.4908870098707;
1716732675;330.5;-36.3;1.5;332.4908870098707;
1716732685;330.6;-36.3;1.5;332.59029447693626;
1716732695;330.6;-36.3;1.6;332.59076051557935;
1716732705;330.6;-36.3;1.6;332.59076051557935;
1716732716;330.6;-36.3;1.6;332.59076051557935;
1716732726;330.6;-36.3;1.6;332.59076051557935;
1716732735;330.6;-36.3;1.6;332.59076051557935;
1716732745;330.6;-36.3;1.5;332.59029447693626;
1716732755;330.6;-36.3;1.5;332.59029447693626;
1716732765;330.6;-36.3;1.5;332.59029447693626;
1716732775;330.7;-36.3;1.5;332.6897023028233;
