1750390649;359.7753;-16.139948;-14.288484;360.42048291491443;
1750390658;359.75018;-16.103186;-14.221123;360.39110305978676;
1750390669;359.5425;-16.064083;-14.155418;360.17946615839014;
1750390680;359.50757;-16.026455;-14.083171;360.14007645288615;
1750390689;359.3144;-16.007359;-14.001784;359.94321476442497;
1750390699;359.2768;-16.014011;-13.954595;359.9041459747916;
1750390710;359.11987;-16.05024;-13.963925;359.7494747998087;
1750390719;359.1018;-16.111353;-14.007203;359.7358544324357;
1750390729;358.99277;-16.19597;-14.075743;359.63348424869355;
1750390751;358.9018;-16.355482;-14.227542;359.5558688042927;
1750390755;358.9018;-16.355482;-14.227542;359.5558688042927;
1750390757;358.89087;-16.40392;-14.281992;359.54932876115146;
1750390774;358.81854;-16.444727;-14.342042;359.4813898380816;
1750390777;358.81854;-16.444727;-14.342042;359.4813898380816;
1750390790;358.7996;-16.456247;-14.3751135;359.46432161198777;
1750390799;358.80203;-16.458172;-14.393846;359.46759619682325;
1750390811;358.79498;-16.467651;-14.415159;359.4618479318021;
1750390820;358.79498;-16.467651;-14.415159;359.4618479318021;
1750390830;358.8034;-16.478836;-14.403421;359.4702972043305;
1750390839;358.8012;-16.454569;-14.372057;359.4657369986932;
1750390850;358.79938;-16.430622;-14.336782;359.46140533600504;
1750390864;358.80508;-16.41911;-14.315367;359.4657220722749;
1750390870;358.80743;-16.42188;-14.312701;359.468088062549;
1750390880;358.84018;-16.4326;-14.320917;359.50159025216414;
1750390893;358.8439;-16.445202;-14.331553;359.5063066397165;
1750390899;358.8922;-16.450672;-14.34393;359.5552707465174;
1750390910;358.89023;-16.451777;-14.354536;359.5537645531063;
1750390919;358.95544;-16.45674;-14.367138;359.6195905990506;
1750390929;358.9527;-16.468699;-14.380345;359.6179244522882;
1750390939;359.02576;-16.481573;-14.391639;359.6918898025168;
1750390949;359.03137;-16.493805;-14.402683;359.6984973791885;
1750390958;359.09503;-16.507107;-14.401903;359.76261785767815;
1750390970;359.11078;-16.526615;-14.406348;359.77940926889244;
1750390980;359.16904;-16.55563;-14.421204;359.8394878721902;
1750390990;359.20197;-16.59933;-14.454642;359.8757096119323;
1750390999;359.3124;-16.657541;-14.507973;359.9907801845337;
1750391009;359.35025;-16.719511;-14.572173;360.0340159333245;
1750391018;359.42767;-16.776041;-14.632332;360.11636043156597;
1750391030;359.44785;-16.833261;-14.704024;360.1420839454128;
1750391041;359.55643;-16.896263;-14.800004;360.2573358371463;
1750391049;359.5757;-16.966421;-14.909919;360.2844144599087;
1750391059;359.69434;-17.024403;-15.018935;360.41006368396717;
1750391069;359.73416;-17.069307;-15.131902;360.45665837172805;
1750391078;359.82727;-17.101421;-15.236025;360.55548763946825;
1750391090;359.8936;-17.110212;-15.3034935;360.6249422196202;
1750391099;359.99994;-17.097038;-15.343441;360.7321526483008;
1750391113;0.07503152;-17.071207;-15.354077;22.960388295734273;
1750391114;0.07503152;-17.071207;-15.354077;22.960388295734273;
1750391118;0.17486008;-17.032654;-15.330461;22.916476440224148;
1750391129;0.20746244;-16.981377;-15.270252;22.838362389314987;
1750391150;0.22410545;-16.923872;-15.194713;22.74526233524067;
1750391153;0.22698966;-16.867952;-15.125482;22.657438833139054;
1750391158;0.21981293;-16.815577;-15.054888;22.571255577860413;
1750391169;0.21316674;-16.765732;-14.97909;22.483512460995193;
1750391178;0.20089085;-16.723118;-14.909231;22.405093206495312;
1750391189;0.2006172;-16.685999;-14.852648;22.339739327524367;
1750391198;0.18839973;-16.643772;-14.810679;22.28019008814936;
1750391209;0.18926822;-16.597769;-14.768112;22.217535607914943;
1750391219;0.16819918;-16.563244;-14.721001;22.160261710889863;
1750391229;0.18661441;-16.535439;-14.684275;22.115231747689744;
1750391238;0.17847794;-16.520796;-14.669858;22.094643742134554;
1750391249;0.19706137;-16.51278;-14.682187;22.096998183925106;
1750391258;0.1560008;-16.523201;-14.708968;22.122256927565072;
1750391269;0.1627896;-16.545668;-14.75308;22.168423460581717;
1750391278;0.11926175;-16.579498;-14.810034;22.231308734551337;
1750391289;0.13089874;-16.61938;-14.876245;22.30523726471744;
1750391298;0.07164176;-16.669764;-14.955613;22.395457444290663;
1750391323;0.0979196;-16.728626;-15.052358;22.503999556436327;
1750391331;0.0979196;-16.728626;-15.052358;22.503999556436327;
1750391334;0.009752393;-16.790852;-15.150671;22.615826852830278;
1750391344;0.041494228;-16.850363;-15.229573;22.712911501675087;
1750391346;359.92923;-16.896805;-15.260285;360.64862226433365;
1750391352;359.95093;-16.914452;-15.228854;360.6697756249519;
1750391360;359.80557;-16.900864;-15.123171;360.51962428937077;
1750391371;359.7948;-16.854162;-14.963642;360.50002959224696;
1750391383;359.62228;-16.772774;-14.766683;360.31592798235295;
1750391389;359.5709;-16.665432;-14.535637;360.25025742802416;
1750391400;359.37338;-16.548916;-14.289763;360.0379036356325;
1750391409;359.3011;-16.440516;-14.05811;359.95165192104565;
1750391419;359.14615;-16.344807;-13.8525095;359.78465898003606;
1750391435;358.96313;-16.183239;-13.520496;359.5820256447731;
1750391437;358.96313;-16.183239;-13.520496;359.5820256447731;
1750391438;358.96313;-16.183239;-13.520496;359.5820256447731;
1750391449;358.91565;-16.108675;-13.38746;359.52629512090266;
1750391460;358.8279;-16.026848;-13.252669;359.43005311089337;
1750391469;358.78116;-15.939604;-13.120471;359.37464766663635;
1750391478;358.7159;-15.848002;-12.982773;359.3004550466489;
1750391489;358.67596;-15.7560425;-12.86167;359.2521716348259;
1750391498;358.64127;-15.679879;-12.770089;359.21092880433395;
1750391511;358.6043;-15.619777;-12.717309;359.1695391668359;
1750391519;358.58743;-15.556729;-12.679404;359.1486128686385;
1750391529;358.54227;-15.457714;-12.622597;359.0972402956313;
1750391541;358.56213;-15.334238;-12.528925;359.1085025507123;
1750391551;358.52435;-15.21703;-12.416137;359.06187510545226;
1750391559;358.59628;-15.099098;-12.294408;359.12453185889336;
1750391570;358.54892;-14.994986;-12.19285;359.0694124936071;
1750391584;358.6562;-14.893569;-12.065755;359.16801461321654;
1750391588;358.6562;-14.893569;-12.065755;359.16801461321654;
1750391589;358.6562;-14.893569;-12.065755;359.16801461321654;
1750391599;358.80988;-14.895746;-12.062554;359.3214650161759;
1750391609;358.8045;-14.923175;-12.080763;359.31785142545635;
1750391619;358.97955;-14.956866;-12.105913;359.4948965060267;
1750391637;359.1577;-14.982843;-12.128631;359.6746493836629;
1750391640;359.1666;-14.977329;-12.120781;359.6830229742535;
1750391650;359.34253;-14.970224;-12.112324;359.85812394104533;
1750391659;359.34253;-14.970224;-12.112324;359.85812394104533;
1750391673;359.555;-14.961478;-12.123194;360.07028538257055;
1750391678;359.555;-14.961478;-12.123194;360.07028538257055;
1750391695;359.79276;-14.978984;-12.16083;360.3097034151225;
1750391699;359.7938;-14.990423;-12.181736;360.31192148295474;
1750391710;0.048287734;-15.003011;-12.203016;19.339241702349323;
1750391718;0.05057902;-15.021688;-12.222966;19.36632605965881;
1750391738;0.31973672;-15.03751;-12.240957;19.39252357879929;
1750391741;0.32029468;-15.053976;-12.257771;19.415914153986748;
1750391759;0.6005288;-15.069963;-12.274743;19.445661496489986;
1750391763;0.59633094;-15.085596;-12.28931;19.466842868983584;
1750391799;0.8821869;-15.101287;-12.301983;19.49784352579979;
1750391807;0.8777909;-15.107226;-12.304338;19.503731703983085;
1750391811;1.1582;-15.101188;-12.296763;19.50891304098948;
1750391815;1.1571308;-15.089313;-12.283028;19.490999803334862;
1750391816;1.4274013;-15.077655;-12.271146;19.492413130883396;
1750391827;1.4293532;-15.071769;-12.266932;19.48535022798587;
1750391829;1.4293532;-15.071769;-12.266932;19.48535022798587;
1750391830;1.6995019;-15.070905;-12.272131;19.509630301414685;
1750391852;1.7011709;-15.074183;-12.285725;19.520861137221253;
1750391863;1.9753467;-15.080435;-12.300984;19.561076786267023;
1750391864;1.9757706;-15.0865;-12.312779;19.573213684953625;
1750391873;2.247535;-15.089581;-12.318519;19.60848682921616;
1750391880;2.2467065;-15.090099;-12.321679;19.610776735892713;
1750391893;2.5130877;-15.085484;-12.322633;19.640129909765527;
1750391899;2.5109668;-15.079886;-12.3237505;19.636261237345654;
1750391921;2.7729938;-15.073922;-12.326182;19.668436530164414;
1750391926;2.772151;-15.071774;-12.329359;19.668662210159717;
1750391933;3.0228555;-15.072704;-12.33455;19.70952034424886;
1750391946;3.02566;-15.078441;-12.343207;19.71975556401788;
1750391950;3.2638116;-15.086077;-12.354295;19.770452114629272;
1750391960;3.2657168;-15.090721;-12.363962;19.780352146042397;
1750391970;3.4937832;-15.09187;-12.368112;19.822745912102622;
1750391978;3.4953518;-15.088429;-12.362919;19.817163016628545;
1750391990;3.708783;-15.08318;-12.352809;19.845636586061527;
1750391999;3.7091658;-15.079124;-12.344276;19.837314983461468;
1750392009;3.9170375;-15.074769;-12.340923;19.87184520396255;
1750392018;3.916776;-15.070548;-12.343812;19.870386180176567;
1750392029;4.1174283;-15.071075;-12.349404;19.914776377352474;
1750392039;4.115378;-15.074659;-12.3543215;19.920114180264033;
1750392050;4.3055263;-15.075705;-12.355534;19.961804410002863;
1750392062;4.3063064;-15.072264;-12.355101;19.959106184369023;
1750392069;4.4815717;-15.0684395;-12.35356;19.993819266946197;
1750392082;4.4850106;-15.064878;-12.352207;19.991070650083994;
1750392090;4.647948;-15.06375;-12.350424;20.026306676644463;
1750392102;4.652001;-15.058812;-12.350342;20.023483164069155;
1750392111;4.808068;-15.0566435;-12.350139;20.058563110237113;
1750392120;4.815214;-15.057019;-12.35207;20.061748310633;
1750392132;4.9621186;-15.06067;-12.3566885;20.103088064614262;
1750392138;4.9694476;-15.070029;-12.368633;20.119251487298992;
1750392150;5.1134887;-15.083297;-12.387006;20.1765091352621;
1750392160;5.118587;-15.100022;-12.407612;20.20295618809774;
1750392169;5.257373;-15.11043;-12.422369;20.25537727738182;
1750392182;5.258732;-15.113455;-12.425196;20.25972026405102;
1750392189;5.3822427;-15.112137;-12.42327;20.28996942467278;
1750392198;5.3808064;-15.112275;-12.420167;20.287791525118376;
1750392209;5.496877;-15.114143;-12.423034;20.322026360653954;
1750392219;5.49648;-15.118883;-12.42806;20.32851653022842;
1750392232;5.6070786;-15.124;-12.433776;20.365988236176612;
1750392239;5.60714;-15.126554;-12.440367;20.3719259352463;
1750392249;5.7123466;-15.130182;-12.447706;20.408299996882594;
1750392258;5.7136188;-15.134444;-12.45784;20.417997410393294;
1750392270;5.8138795;-15.139151;-12.468318;20.45614894332719;
1750392279;5.8170934;-15.139633;-12.477413;20.462964293823898;
1750392289;5.9093237;-15.133297;-12.484515;20.4890190861095;
1750392301;5.9181;-15.111463;-12.481654;20.473687959017564;
1750392310;5.991977;-15.0900345;-12.473602;20.474464239854587;
1750392318;6.0199866;-15.068543;-12.474339;20.467299822990007;
1750392329;6.109892;-15.048701;-12.4791765;20.482285907098603;
1750392338;6.146752;-15.075382;-12.50259;20.527164181598923;
1750392349;6.2211657;-15.128408;-12.48806;20.579681395022025;
1750392360;6.1899123;-15.119433;-12.492513;20.56635977951743;
1750392369;6.249526;-15.114512;-12.500894;20.58585442842568;
1750392378;6.2540483;-15.150135;-12.559213;20.64881439039911;
1750392389;6.3484054;-15.245114;-12.668612;20.813684908402323;
1750392398;6.3651075;-15.339927;-12.790914;20.962714899837792;
1750392409;6.4492383;-15.405911;-12.893669;21.09932429528708;
1750392419;6.4716115;-15.448633;-12.950327;21.171985978867422;
1750392429;6.494265;-15.466371;-12.9669075;21.201999624226914;
1750392438;6.50911;-15.46464;-12.95991;21.2010110600601;
1750392449;6.4876866;-15.467904;-12.95315;21.192692713574875;
1750392458;6.5037274;-15.487953;-12.969898;21.222474511544984;
1750392469;6.497365;-15.551202;-13.058482;21.32087208723893;
1750392485;6.4528847;-15.574206;-13.09141;21.344334883358226;
1750392489;6.4635262;-15.58529;-13.108367;21.36604125892776;
1750392497;6.4635262;-15.58529;-13.108367;21.36604125892776;
1750392510;6.4319983;-15.579365;-13.113189;21.3551616100809;
1750392518;6.4319983;-15.579365;-13.113189;21.3551616100809;
1750392530;6.397603;-15.592624;-13.126285;21.36255102173899;
1750392539;6.337298;-15.607481;-13.143014;21.365711407151363;
1750392549;6.33878;-15.618039;-13.157207;21.382594816116875;
1750392558;6.278324;-15.625185;-13.163982;21.374147770867697;
1750392569;6.2698755;-15.627536;-13.160027;21.370950229854813;
1750392579;6.203035;-15.623405;-13.146152;21.339862701927856;
1750392589;6.1953564;-15.612954;-13.125618;21.317331561192937;
1750392599;6.1191697;-15.602219;-13.106083;21.275405365977544;
1750392609;6.1163335;-15.5942335;-13.091914;21.260006372671047;
1750392618;6.03186;-15.589861;-13.0838175;21.227655943014234;
1750392629;6.031507;-15.58628;-13.081297;21.22337216753117;
1750392638;5.9406753;-15.586275;-13.08323;21.19892690122624;
1750392649;5.9431763;-15.587189;-13.089019;21.20387252604528;
1750392660;5.8420024;-15.591077;-13.095126;21.182374707623595;
1750392669;5.8455734;-15.594773;-13.098114;21.187927539790312;
1750392679;5.7350945;-15.590052;-13.096921;21.153495190288094;
1750392689;5.7404823;-15.587957;-13.090905;21.14968915646141;
1750392698;5.581134;-15.611892;-13.0398245;21.0930614537708;
1750392709;5.5588846;-15.5753;-12.968974;21.01631424920034;
1750392720;5.3937025;-15.493154;-12.863188;20.84685670457363;
1750392732;5.376271;-15.433826;-12.810425;20.765699358838255;
1750392738;5.2653184;-15.454941;-12.836721;20.76921254197956;
1750392749;5.277199;-15.5053625;-12.918261;20.860166584647764;
1750392758;5.186089;-15.54277;-13.003496;20.918033928338495;
1750392769;5.2045283;-15.557991;-13.05175;20.963930519355205;
1750392783;5.0973773;-15.554677;-13.051489;20.93496104851798;
1750392789;5.1005716;-15.5343895;-13.026035;20.904800497803066;
1750392799;4.99701;-15.519023;-12.999572;20.851835681777786;
1750392809;5.0050874;-15.523187;-12.998526;20.85621952162885;
1750392819;4.9193254;-15.542218;-13.017895;20.86206826610046;
1750392829;4.9315124;-15.565739;-13.043704;20.898570515812953;
1750392840;4.8504686;-15.574512;-13.055488;20.89349689855064;
1750392850;4.857854;-15.570515;-13.053609;20.89105973725493;
1750392858;4.7721305;-15.5616865;-13.044306;20.8588885241731;
1750392869;4.7797074;-15.556993;-13.040886;20.854983228334625;
1750392878;4.700564;-15.557252;-13.047071;20.84105233120924;
1750392889;4.704738;-15.560846;-13.056503;20.850582192094617;
1750392899;4.6354847;-15.5663805;-13.065694;20.844958051700175;
1750392909;4.635151;-15.571341;-13.0691;20.850723142330533;
1750392918;4.5688896;-15.574775;-13.066454;20.83700024021295;
1750392929;4.5643344;-15.573995;-13.06168;20.832425150010558;
1750392938;4.502774;-15.568967;-13.056053;20.811732867996415;
1750392949;4.5012336;-15.563611;-13.049346;20.803185387848327;
1750392959;4.438933;-15.564808;-13.043986;20.78732664609653;
1750392969;4.440515;-15.568061;-13.04207;20.78889831772065;
1750392978;4.381361;-15.569025;-13.042161;20.777122712222962;
1750392989;4.3880324;-15.5756235;-13.051524;20.789352068245535;
1750393001;4.331824;-15.582187;-13.062616;20.789448906594014;
1750393009;4.3326325;-15.582001;-13.066211;20.791736696223754;
1750393020;4.26384;-15.621872;-13.045352;20.79433636217036;
1750393029;4.262846;-15.644629;-12.962341;20.759300321524297;
1750393038;4.1462536;-15.594611;-12.851539;20.628750862760448;
1750393049;4.1213317;-15.5013895;-12.751883;20.49119225667449;
1750393058;4.0579667;-15.480122;-12.7308855;20.449369298597045;
1750393069;4.067937;-15.531573;-12.796024;20.53085770490073;
1750393079;4.037453;-15.592006;-12.899436;20.6350943746856;
1750393089;4.059871;-15.631761;-12.992549;20.72777898203825;
1750393101;4.01674;-15.644561;-13.054526;20.767935374518427;
1750393109;4.0340333;-15.639965;-13.088191;20.789003731541452;
1750393118;3.9748363;-15.640995;-13.099342;20.785399185482593;
1750393129;3.9804363;-15.637969;-13.092038;20.779591222087873;
1750393139;3.9229274;-15.625958;-13.078247;20.750915230669438;
1750393149;3.9272196;-15.620564;-13.074248;20.745145385435663;
1750393159;3.884239;-15.621684;-13.079428;20.74116089001862;
1750393169;3.8883286;-15.624935;-13.085885;20.748447769982164;
1750393179;3.8534381;-15.624128;-13.091175;20.744667673549586;
1750393190;3.8625045;-15.625397;-13.094506;20.7494110299545;
1750393205;3.8255608;-15.626168;-13.101564;20.747603226077374;
1750393206;3.8255608;-15.626168;-13.101564;20.747603226077374;
1750393209;3.8393514;-15.631602;-13.115466;20.763021476883463;
1750393221;3.8054955;-15.641082;-13.130531;20.773446721763058;
1750393229;3.8141694;-15.64892;-13.144409;20.78971091590443;
1750393239;3.7808676;-15.650862;-13.156125;20.79250008205443;
1750393250;3.7758443;-15.651826;-13.159668;20.794554951950992;
1750393260;3.745974;-15.652934;-13.152235;20.785282127958013;
1750393270;3.7028453;-15.643501;-13.121163;20.750786107094363;
1750393278;3.7028453;-15.643501;-13.121163;20.750786107094363;
1750393293;3.6619058;-15.6342745;-13.102898;20.72500950801143;
1750393298;3.6619058;-15.6342745;-13.102898;20.72500950801143;
1750393311;3.622758;-15.624492;-13.091511;20.70354486118388;
1750393322;3.6244006;-15.617648;-13.086141;20.69527215155112;
1750393330;3.5827575;-15.613908;-13.083932;20.68379904414538;
1750393338;3.5875258;-15.613827;-13.084827;20.68513079992647;
1750393349;3.5407667;-15.614404;-13.087367;20.679115288613175;
1750393358;3.5476418;-15.613574;-13.0915575;20.682319352331362;
1750393370;3.4968855;-15.614264;-13.092835;20.675003595980527;
1750393380;3.5041227;-15.614041;-13.093145;20.676257360411274;
1750393390;3.44929;-15.609687;-13.088464;20.660779500497387;
1750393398;3.4519558;-15.603519;-13.085035;20.654393410373768;
1750393409;3.3989599;-15.594868;-13.075408;20.632962000206486;
1750393420;3.3989398;-15.586065;-13.066821;20.62086411873459;
1750393429;3.3458605;-15.57811;-13.056877;20.59986228157609;
1750393440;3.3436723;-15.57449;-13.050918;20.592992042200816;
1750393449;3.2913225;-15.575617;-13.049448;20.584478057277686;
1750393459;3.2911944;-15.579661;-13.052546;20.5894816468713;
1750393474;3.2378752;-15.584551;-13.056844;20.58745322528436;
1750393475;3.2378752;-15.584551;-13.056844;20.58745322528436;
1750393478;3.2453475;-15.586811;-13.059738;20.592176193353435;
1750393491;3.1802075;-15.60901;-13.058643;20.598132700400054;
1750393499;3.2067425;-15.642677;-13.002779;20.592445528907994;
1750393509;3.1137502;-15.598776;-12.921339;20.49337091186026;
1750393518;3.0846696;-15.50425;-12.813638;20.349109397170782;
1750393531;3.013984;-15.456045;-12.773876;20.2767192604035;
1750393539;3.0202062;-15.489421;-12.819241;20.331668251644217;
1750393549;2.985455;-15.5468;-12.919529;20.433554512407134;
1750393560;2.9996755;-15.587832;-13.017886;20.5290996835507;
1750393569;2.9683976;-15.605068;-13.069999;20.570717178717135;
1750393578;2.9834223;-15.60661;-13.064485;20.57055787433142;
1750393589;2.9081726;-15.585365;-13.028508;20.520796886755427;
1750393598;2.9163942;-15.569727;-12.996329;20.48966392859091;
1750393609;2.8591957;-15.57617;-12.993861;20.48493348314262;
1750393620;2.8708298;-15.595856;-13.020017;20.5181191479465;
1750393630;2.8367138;-15.617972;-13.0531645;20.551231330567308;
1750393639;2.8419125;-15.621405;-13.059175;20.558375166325217;
1750393650;2.7989125;-15.613903;-13.043148;20.5365915004454;
1750393658;2.800081;-15.598233;-13.017563;20.50859030606835;
1750393670;2.7594292;-15.584648;-13.000794;20.482098581884337;
1750393680;2.7661452;-15.590385;-13.003377;20.48900900209338;
1750393690;2.7368286;-15.612117;-13.013156;20.507819226982047;
1750393698;2.7488408;-15.641924;-13.026743;20.540738563240915;
1750393710;2.7146685;-15.678844;-13.037065;20.570868737609192;
1750393719;2.7351782;-15.718994;-13.049153;20.611850458680376;
1750393730;2.6925797;-15.756807;-13.0655365;20.645464558733842;
1750393740;2.7166083;-15.793615;-13.081954;20.687091787991854;
1750393750;2.6753502;-15.829184;-13.100385;20.720536455522186;
1750393758;2.687639;-15.849734;-13.106872;20.741927688452936;
1750393770;2.649787;-15.864717;-13.098522;20.74323708857305;
1750393779;2.6711755;-15.87809;-13.092001;20.75209403023168;
1750393791;2.662088;-15.894032;-13.086499;20.75965827919491;
1750393800;2.683022;-15.910351;-13.083202;20.77277193307546;
1750393810;2.6371105;-15.926161;-13.082002;20.778251080801535;
1750393819;2.648137;-15.939845;-13.078803;20.78813077084148;
1750393830;2.615933;-15.946628;-13.069937;20.783678312927087;
1750393844;2.6180184;-15.94979;-13.054514;20.77667334630273;
1750393850;2.5896692;-15.955502;-13.040449;20.768671851168826;
1750393861;2.5885777;-15.967893;-13.032074;20.772801506131433;
1750393870;2.563624;-15.977771;-13.01692;20.767800462687394;
1750393879;2.5486171;-15.98823;-13.006935;20.767746653003847;
1750393890;2.5372927;-15.99714;-12.99426;20.765286632877206;
1750393899;2.5281258;-15.994599;-12.973716;20.749359729683956;
1750393910;2.5036886;-15.978902;-12.945883;20.716892687495164;
1750393920;2.4972854;-15.955651;-12.91718;20.68025103352826;
1750393930;2.4730859;-15.932202;-12.896549;20.646360624977884;
1750393939;2.471285;-15.913432;-12.88421;20.623952817325883;
1750393950;2.451643;-15.899259;-12.875346;20.60513327219133;
1750393960;2.4539301;-15.888452;-12.873132;20.595683715884842;
1750393970;2.4350152;-15.882978;-12.871383;20.58812269462234;
1750393980;2.4355888;-15.882009;-12.868512;20.5856477598503;
1750393990;2.4189174;-15.885149;-12.863473;20.582955480966078;
1750393999;2.4217348;-15.886153;-12.858549;20.5809851337513;
1750394010;2.402852;-15.885;-12.853957;20.575012645779495;
1750394019;2.410217;-15.879256;-12.846029;20.566487145869864;
1750394030;2.3895807;-15.869487;-12.835234;20.549791518593647;
1750394041;2.395778;-15.858781;-12.82379;20.535098294194754;
1750394050;2.3791611;-15.849615;-12.814766;20.52045155940908;
1750394059;2.3813672;-15.844072;-12.8090315;20.512845384561857;
1750394071;2.372531;-15.8464575;-12.805662;20.51156017930236;
1750394079;2.372531;-15.8464575;-12.805662;20.51156017930236;
1750394094;2.370065;-15.855979;-12.811872;20.522507863533306;
1750394097;2.370065;-15.855979;-12.811872;20.522507863533306;
1750394105;2.3620765;-15.861226;-12.818997;20.530089922320318;
1750394119;2.3654394;-15.865592;-12.822797;20.536222426612657;
1750394123;2.3654394;-15.865592;-12.822797;20.536222426612657;
1750394132;2.3551958;-15.868695;-12.821465;20.53661094755564;
1750394141;2.3382473;-15.869508;-12.820377;20.534623281408813;
1750394151;2.341294;-15.866166;-12.817639;20.530678594282907;
1750394162;2.3230526;-15.858907;-12.8108015;20.518726373556806;
1750394171;2.324883;-15.85051;-12.803387;20.507814304280952;
1750394181;2.3059347;-15.845289;-12.7967615;20.497503035708604;
1750394195;2.3050544;-15.846432;-12.796331;20.498018733361576;
1750394205;2.2920797;-15.851046;-12.804932;20.505500493686515;
1750394214;2.2911615;-15.857716;-12.815211;20.51697360760761;
1750394224;2.2778518;-15.861805;-12.819893;20.521576915790213;
1750394235;2.275382;-15.8594265;-12.815248;20.51656261893589;
1750394245;2.2585354;-15.850052;-12.8055;20.501364776825348;
1750394255;2.2579703;-15.838466;-12.790162;20.48276523461811;
1750394265;2.2368746;-15.829792;-12.778563;20.46649906815479;
1750394274;2.238349;-15.822721;-12.768357;20.45481944475986;
1750394285;2.2144704;-15.819642;-12.766031;20.448386451866153;
1750394294;2.21971;-15.821962;-12.767907;20.4519206578578;
1750394304;2.197314;-15.825668;-12.769311;20.453245936462118;
1750394316;2.2044675;-15.827343;-12.768528;20.454822659632352;
1750394324;2.1752126;-15.827049;-12.768465;20.45142385295437;
1750394334;2.1793985;-15.825543;-12.765957;20.44913829552695;
1750394345;2.1532857;-15.826334;-12.761607;20.444268265650997;
1750394354;2.1574395;-15.82647;-12.75858;20.4429224554649;
1750394365;2.1327019;-15.82466;-12.755023;20.436704791344084;
1750394374;2.1362188;-15.818607;-12.748058;20.428038561755603;
1750394384;2.1106467;-15.810969;-12.740546;20.414776501809445;
1750394391;2.1130145;-15.803077;-12.73324;20.40434926264454;
1750394401;2.090483;-15.796948;-12.727379;20.39362329325399;
1750394410;2.0914686;-15.795337;-12.726294;20.391798617744623;
1750394420;2.0743098;-15.794643;-12.72641;20.389581425432407;
1750394430;2.0754485;-15.796739;-12.723854;20.38972535296239;
1750394440;2.055263;-15.795685;-12.7242365;20.3871027647988;
1750394450;2.0573812;-15.7899885;-12.72315;20.382225270272468;
1750394461;2.0349455;-15.783854;-12.718018;20.37201527932186;
1750394470;2.0351586;-15.777129;-12.709408;20.361451873722515;
1750394480;2.0117946;-15.772139;-12.700805;20.349892224527434;
1750394491;2.01305;-15.770398;-12.695676;20.345466654778644;
1750394500;1.9933668;-15.770557;-12.697225;20.3446185794336;
1750394510;1.9956951;-15.771455;-12.7019005;20.348460917380987;
1750394521;1.9792008;-15.770321;-12.705595;20.348277611017018;
1750394531;1.9791899;-15.765798;-12.705199;20.344523950214295;
1750394540;1.963097;-15.759179;-12.702574;20.336195727500108;
1750394551;1.9599473;-15.755472;-12.69897;20.33076811988903;
1750394561;1.9504677;-15.752804;-12.69428;20.32485887452038;
1750394572;1.9481583;-15.749942;-12.688496;20.318806796779306;
1750394586;1.940527;-15.746711;-12.684973;20.313371930684994;
1750394594;1.9410431;-15.742608;-12.679421;20.30677436207601;
1750394602;1.9357119;-15.738911;-12.6724825;20.299066533160698;
1750394613;1.935653;-15.736139;-12.669579;20.295099238648096;
1750394621;1.9332193;-15.736165;-12.670517;20.295473079529867;
1750394632;1.933977;-15.737003;-12.673919;20.29831905815511;
1750394643;1.933391;-15.738429;-12.679938;20.303127491714353;
1750394651;1.9333194;-15.739251;-12.681478;20.304719234882278;
1750394663;1.9293724;-15.73922;-12.680691;20.303828011978297;
1750394674;1.9290235;-15.735658;-12.67701;20.298734606710564;
1750394684;1.9221888;-15.730276;-12.669574;20.289270462905726;
1750394694;1.9216276;-15.724771;-12.662999;20.28084340122529;
1750394705;1.9147253;-15.721828;-12.657737;20.27462363358695;
1750394714;1.914353;-15.720121;-12.656102;20.27224423142463;
1750394725;1.9124432;-15.715925;-12.654291;20.26767941437658;
1750394734;1.9118148;-15.709734;-12.647685;20.258694780275032;
1750394745;1.9092731;-15.702718;-12.639507;20.24790888688116;
1750394754;1.9082268;-15.697059;-12.631125;20.238189419249853;
1750394767;1.908271;-15.695555;-12.628984;20.23569086278801;
1750394773;1.9076544;-15.696412;-12.632534;20.238513128740017;
1750394784;1.9132996;-15.698797;-12.640165;20.245659512445798;
1750394794;1.9132237;-15.70134;-12.646654;20.251675358037;
1750394805;1.9134911;-15.700955;-12.648073;20.25228886012305;
1750394815;1.9119196;-15.694179;-12.644474;20.244638829989505;
1750394827;1.9032918;-15.675866;-12.628041;20.219365094898837;
1750394836;1.9032918;-15.675866;-12.628041;20.219365094898837;
1750394843;1.8968661;-15.668121;-12.6182575;20.206646186402942;
1750394854;1.8933281;-15.654474;-12.6071415;20.188790755252555;
1750394863;1.8850582;-15.643909;-12.595015;20.172251717946303;
1750394875;1.8735211;-15.630222;-12.575213;20.148199024509125;
1750394886;1.871401;-15.629066;-12.5713825;20.144714410791202;
1750394895;1.8620417;-15.625671;-12.56985;20.140256548494317;
1750394903;1.8620417;-15.625671;-12.56985;20.140256548494317;
1750394916;1.8525246;-15.620312;-12.566702;20.13325564000899;
1750394921;1.8525246;-15.620312;-12.566702;20.13325564000899;
1750394937;1.8422312;-15.606243;-12.5522;20.112343801193816;
1750394941;1.8422312;-15.606243;-12.5522;20.112343801193816;
1750394944;1.8421456;-15.601273;-12.547942;20.105821519435548;
1750394955;1.8362362;-15.597733;-12.546185;20.10143702680347;
1750394962;1.8362362;-15.597733;-12.546185;20.10143702680347;
1750394964;1.8350616;-15.597152;-12.547392;20.101632696868275;
1750394971;1.8353244;-15.596415;-12.54903;20.10210746570911;
1750394979;1.8331218;-15.597599;-12.547376;20.10179264057011;
1750394990;1.8370447;-15.599486;-12.548444;20.104281866335285;
1750395003;1.836189;-15.602247;-12.553322;20.109390796797854;
1750395010;1.8484855;-15.607066;-12.557643;20.116953263560042;
1750395020;1.8472215;-15.613227;-12.561405;20.123965347976924;
1750395030;1.8636364;-15.615985;-12.565771;20.130343486017978;
1750395039;1.8631587;-15.617192;-12.567493;20.132310995799266;
1750395052;1.8796777;-15.616125;-12.565565;20.131815068364475;
1750395060;1.8805058;-15.611762;-12.558071;20.123830821686536;
1750395071;1.8957906;-15.603289;-12.548361;20.112632796498616;
1750395079;1.8961908;-15.593404;-12.540619;20.10017174778686;
1750395091;1.916016;-15.588276;-12.534806;20.09444776144149;
1750395102;1.9163713;-15.584521;-12.532151;20.089912825661266;
1750395111;1.9406103;-15.582407;-12.5295105;20.0889524231114;
1750395121;1.9425024;-15.586263;-12.529675;20.09222845698368;
1750395130;1.9704934;-15.597763;-12.536307;20.108009809507656;
1750395139;1.9742293;-15.648778;-12.576753;20.17316387440311;
1750395150;2.0504687;-15.754402;-12.688926;20.332595647734287;
1750395159;2.0567236;-15.828827;-12.762859;20.437036276282544;
1750395170;2.1196067;-15.8589945;-12.798766;20.489237500555927;
1750395180;2.1252124;-15.88708;-12.823708;20.527136211210223;
1750395189;2.1674628;-15.913458;-12.827682;20.554450861685442;
1750395198;2.1728992;-15.912682;-12.819221;20.549144544611348;
1750395210;2.19953;-15.8901415;-12.793798;20.518669715526627;
1750395219;2.1987243;-15.847034;-12.744578;20.4545145878562;
1750395230;2.2125506;-15.796488;-12.684328;20.379317609574095;
1750395240;2.2188256;-15.765142;-12.64299;20.329980376455488;
1750395250;2.2374837;-15.765067;-12.63187;20.32505401426019;
1750395258;2.2515342;-15.784878;-12.642313;20.3484606512949;
1750395271;2.2820685;-15.806394;-12.668778;20.384991111504814;
1750395280;2.29017;-15.818489;-12.694174;20.41106376006557;
1750395290;2.3239446;-15.818143;-12.7033615;20.420327043438363;
1750395307;2.3259943;-15.8003435;-12.690126;20.398539480607067;
1750395311;2.345793;-15.776516;-12.667504;20.368280883703406;
1750395319;2.3424106;-15.752214;-12.639739;20.33180143688433;
1750395330;2.3670502;-15.74612;-12.63411;20.326435563319947;
1750395339;2.3640654;-15.745688;-12.640892;20.329969526300143;
1750395350;2.3990574;-15.752541;-12.652512;20.346598267155688;
1750395361;2.399254;-15.7599945;-12.661921;20.358243513725892;
1750395370;2.4307098;-15.761324;-12.668275;20.366955362346495;
1750395379;2.4330919;-15.759174;-12.671082;20.367322348714143;
1750395390;2.4557004;-15.7527895;-12.671446;20.365323008317482;
1750395399;2.4567685;-15.745233;-12.672575;20.3603098611632;
1750395410;2.4756603;-15.742172;-12.669752;20.3584748868653;
1750395420;2.475857;-15.738595;-12.664977;20.352761117593033;
1750395430;2.4892414;-15.732888;-12.660217;20.347019340963605;
1750395439;2.4865282;-15.72312;-12.654545;20.335604770151658;
1750395450;2.4982462;-15.7133255;-12.646235;20.324298359018396;
1750395459;2.4951007;-15.7025795;-12.637079;20.30990650584208;
1750395470;2.5038779;-15.694278;-12.629242;20.299692386991946;
1750395480;2.5013871;-15.68688;-12.627069;20.292314521560584;
1750395490;2.5152347;-15.681093;-12.628549;20.29047388280746;
1750395500;2.512741;-15.67914;-12.630451;20.289839805851063;
1750395510;2.5287025;-15.680341;-12.627955;20.29119714059614;
1750395519;2.5275908;-15.681754;-12.626462;20.29122148235385;
1750395530;2.5421195;-15.685417;-12.627253;20.29635906308802;
1750395541;2.5437067;-15.687992;-12.633063;20.302163143530738;
1750395550;2.5573454;-15.686061;-12.633737;20.30280332654488;
1750395559;2.5573635;-15.678786;-12.62667;20.292787872040112;
1750395571;2.5649347;-15.668102;-12.614016;20.27761592921134;
1750395580;2.562473;-15.657211;-12.600399;20.26041927951273;
1750395590;2.571389;-15.650045;-12.593666;20.25182429549962;
1750395601;2.5711963;-15.65099;-12.595079;20.2534083426947;
1750395618;2.5836742;-15.654251;-12.600925;20.261151790462087;
1750395621;2.5808115;-15.657992;-12.605683;20.26663674549779;
1750395632;2.589903;-15.658434;-12.603719;20.26691583141704;
1750395656;2.5877557;-15.653366;-12.598078;20.259217975352946;
1750395661;2.5934098;-15.64412;-12.591033;20.248416806373935;
1750395663;2.5898192;-15.634447;-12.584768;20.23658796712429;
1750395673;2.5953002;-15.627278;-12.580228;20.228928391280125;
