1667330142;49.3;-38.100002;0.3;62.307223491255705;
1667330152;49.3;-38.2;0.3;62.368421361053365;
1667330162;49.3;-38.2;0.3;62.368421361053365;
1667330174;49.3;-38.2;0.3;62.368421361053365;
1667330182;49.3;-38.2;0.3;62.368421361053365;
1667330192;49.3;-38.3;0.3;62.42971941583721;
1667330202;49.3;-38.3;0.3;62.42971941583721;
1667330212;49.3;-38.3;0.3;62.42971941583721;
1667330221;49.3;-38.3;0.3;62.42971941583721;
1667330232;49.3;-38.3;0.3;62.42971941583721;
1667330242;49.3;-38.3;0.3;62.42971941583721;
1667330251;49.4;-38.3;0.3;62.50872013025726;
1667330262;49.4;-38.3;0.3;62.50872013025726;
1667330272;49.4;-38.3;0.3;62.50872013025726;
1667330282;49.3;-38.4;0.2;62.49071964670326;
1667330292;49.3;-38.5;0.1;62.55197778467495;
1667330302;49.2;-38.600002;0.1;62.53487228555219;
1667330314;49.2;-38.7;0.0;62.59656647232943;
1667330322;49.2;-38.7;0.0;62.59656647232943;
1667330332;49.2;-38.600002;0.0;62.53479233011033;
1667330342;49.2;-38.600002;0.0;62.53479233011033;
1667330352;49.2;-38.5;0.0;62.47311481808189;
1667330362;49.100002;-38.4;0.1;62.332819140078755;
1667330372;49.100002;-38.3;0.1;62.271262764786655;
1667330381;49.100002;-38.3;0.1;62.271262764786655;
1667330392;49.0;-38.3;0.1;62.19244280102798;
1667330401;49.0;-38.4;0.1;62.25407711297149;
1667330412;48.9;-38.4;0.0;62.1753187882335;
1667330421;48.9;-38.5;0.0;62.23712838194705;
1667330432;48.9;-38.5;0.0;62.23712838194705;
1667330442;48.9;-38.5;0.0;62.23712838194705;
1667330451;48.9;-38.4;0.0;62.1753187882335;
1667330462;48.9;-38.4;0.0;62.1753187882335;
1667330471;48.9;-38.4;0.1;62.17539920594607;
1667330482;49.0;-38.4;0.1;62.25407711297149;
1667330495;49.0;-38.3;0.1;62.19244280102798;
1667330501;49.0;-38.3;0.1;62.19244280102798;
1667330512;49.0;-38.3;0.1;62.19244280102798;
1667330521;49.0;-38.3;0.1;62.19244280102798;
1667330531;49.0;-38.3;0.1;62.19244280102798;
1667330541;49.0;-38.3;0.1;62.19244280102798;
1667330551;49.0;-38.3;0.1;62.19244280102798;
1667330562;49.0;-38.3;0.1;62.19244280102798;
1667330572;49.0;-38.3;0.1;62.19244280102798;
1667330586;49.0;-38.3;0.1;62.19244280102798;
1667330593;49.0;-38.2;0.2;62.13115207598976;
1667330601;49.100002;-38.2;0.2;62.21004969497883;
1667330612;49.100002;-38.100002;0.3;62.14909813647407;
1667330621;49.2;-38.0;0.4;62.167516237002836;
1667330631;49.3;-38.0;0.4;62.246686054592004;
1667330642;49.3;-37.9;0.4;62.18568999730213;
1667330652;49.3;-37.9;0.4;62.18568999730213;
1667330662;49.4;-37.9;0.5;62.26572304581761;
1667330671;49.4;-37.9;0.5;62.26572304581761;
1667330682;49.4;-38.0;0.5;62.32664077869782;
1667330692;49.4;-38.0;0.5;62.32664077869782;
1667330702;49.4;-38.0;0.5;62.32664077869782;
1667330712;49.4;-38.0;0.5;62.32664077869782;
1667330722;49.4;-38.0;0.5;62.32664077869782;
1667330732;49.4;-38.0;0.5;62.32664077869782;
1667330742;49.4;-38.0;0.5;62.32664077869782;
1667330752;49.4;-38.0;0.5;62.32664077869782;
1667330764;49.4;-38.0;0.5;62.32664077869782;
1667330772;49.4;-38.0;0.5;62.32664077869782;
1667330782;49.4;-38.0;0.5;62.32664077869782;
1667330792;49.4;-38.0;0.5;62.32664077869782;
1667330802;49.4;-38.0;0.5;62.32664077869782;
1667330813;49.4;-37.9;0.5;62.26572304581761;
1667330822;49.4;-37.9;0.5;62.26572304581761;
1667330839;49.4;-37.9;0.5;62.26572304581761;
1667330842;49.4;-37.9;0.5;62.26572304581761;
1667330854;49.4;-38.0;0.5;62.32664077869782;
1667330863;49.4;-38.0;0.4;62.325918771901044;
1667330872;49.4;-38.0;0.4;62.325918771901044;
1667330884;49.3;-38.0;0.4;62.246686054592004;
1667330892;49.3;-38.0;0.4;62.246686054592004;
1667330902;49.3;-38.0;0.4;62.246686054592004;
1667330913;49.2;-38.100002;0.3;62.228130692544184;
1667330922;49.100002;-38.3;0.2;62.27150364590531;
1667330932;49.100002;-38.3;0.2;62.27150364590531;
1667330941;49.100002;-38.3;0.2;62.27150364590531;
1667330952;49.100002;-38.2;0.3;62.210451558059724;
1667330963;49.2;-38.100002;0.3;62.228130692544184;
1667330972;49.3;-38.0;0.4;62.246686054592004;
1667330983;49.3;-37.9;0.5;62.18641363220582;
1667330992;49.3;-37.9;0.5;62.18641363220582;
1667331002;49.3;-37.9;0.5;62.18641363220582;
1667331014;49.3;-37.9;0.5;62.18641363220582;
1667331022;49.3;-37.9;0.5;62.18641363220582;
1667331032;49.3;-38.0;0.5;62.24740898040793;
1667331041;49.3;-38.0;0.5;62.24740898040793;
1667331052;49.3;-38.0;0.5;62.24740898040793;
1667331061;49.3;-38.0;0.5;62.24740898040793;
1667331072;49.3;-38.0;0.5;62.24740898040793;
1667331082;49.3;-38.0;0.5;62.24740898040793;
1667331091;49.3;-38.0;0.5;62.24740898040793;
1667331102;49.3;-38.0;0.5;62.24740898040793;
1667331114;49.3;-38.0;0.5;62.24740898040793;
1667331122;49.3;-38.0;0.5;62.24740898040793;
1667331134;49.3;-38.0;0.5;62.24740898040793;
1667331142;49.3;-38.0;0.5;62.24740898040793;
1667331153;49.3;-38.0;0.5;62.24740898040793;
1667331164;49.3;-38.0;0.5;62.24740898040793;
1667331173;49.3;-38.0;0.5;62.24740898040793;
1667331184;49.3;-38.0;0.5;62.24740898040793;
1667331192;49.3;-38.0;0.5;62.24740898040793;
1667331202;49.3;-38.0;0.5;62.24740898040793;
1667331212;49.3;-38.0;0.5;62.24740898040793;
1667331222;49.3;-38.0;0.5;62.24740898040793;
1667331233;49.3;-38.0;0.5;62.24740898040793;
1667331243;49.3;-38.0;0.5;62.24740898040793;
1667331254;49.3;-38.0;0.5;62.24740898040793;
1667331263;49.3;-38.0;0.5;62.24740898040793;
1667331273;49.3;-38.0;0.5;62.24740898040793;
1667331283;49.3;-38.0;0.5;62.24740898040793;
1667331293;49.3;-38.0;0.4;62.246686054592004;
1667331304;49.3;-38.0;0.4;62.246686054592004;
1667331314;49.3;-38.0;0.4;62.246686054592004;
1667331323;49.3;-38.0;0.4;62.246686054592004;
1667331344;49.3;-38.0;0.4;62.246686054592004;
1667331353;49.3;-38.0;0.4;62.246686054592004;
1667331363;49.3;-38.100002;0.4;62.3077852213261;
1667331393;49.2;-38.100002;0.3;62.228130692544184;
1667331402;49.2;-38.2;0.3;62.28940626919613;
1667331413;49.100002;-38.2;0.3;62.210451558059724;
1667331422;49.100002;-38.3;0.3;62.27190511240168;
1667331434;49.100002;-38.3;0.3;62.27190511240168;
1667331444;49.100002;-38.4;0.3;62.33346085335406;
1667331453;49.0;-38.5;0.3;62.316450476637;
1667331463;49.0;-38.600002;0.3;62.37828289319877;
1667331477;49.0;-38.7;0.3;62.44021187551069;
1667331483;49.0;-38.8;0.2;62.50183949930667;
1667331492;49.0;-38.9;0.2;62.56396821425711;
1667331503;49.0;-38.9;0.2;62.56396821425711;
1667331512;49.0;-39.0;0.1;62.62595308656227;
1667331522;49.0;-39.0;0.1;62.62595308656227;
1667331533;49.0;-39.100002;0.0;62.68819808373504;
1667331542;49.0;-39.2;0.0;62.75061800344642;
1667331552;49.100002;-39.2;0.0;62.82873772865743;
1667331563;49.100002;-39.2;0.0;62.82873772865743;
1667331572;49.100002;-39.2;0.0;62.82873772865743;
1667331583;49.0;-39.2;0.0;62.75061800344642;
1667331593;49.0;-39.100002;0.0;62.68819808373504;
1667331602;49.0;-39.0;0.1;62.62595308656227;
1667331612;49.0;-39.0;0.1;62.62595308656227;
1667331622;49.0;-38.9;0.1;62.56372845917736;
1667331633;49.0;-38.8;0.1;62.50159950590222;
1667331642;49.0;-38.7;0.2;62.43981149116889;
1667331652;49.0;-38.600002;0.2;62.37788211135398;
1667331855;49.0;-38.4;0.3;62.25471963790902;
1667331856;49.0;-38.3;0.3;62.19308596271768;
1667331857;49.0;-38.2;0.4;62.13211776765173;
1667331857;49.0;-38.100002;0.4;62.07068691751955;
1667331865;49.100002;-38.0;0.4;62.0884065246221;
1667331874;49.100002;-38.0;0.4;62.0884065246221;
1667331875;49.100002;-38.0;0.4;62.0884065246221;
1667331876;49.100002;-38.0;0.4;62.0884065246221;
1667331878;49.100002;-38.0;0.4;62.0884065246221;
1667331878;49.100002;-38.0;0.4;62.0884065246221;
1667331879;49.100002;-38.0;0.4;62.0884065246221;
1667331879;49.100002;-38.0;0.4;62.0884065246221;
1667331880;49.2;-38.0;0.4;62.167516237002836;
1667331880;49.2;-38.100002;0.4;62.22869313657467;
1667331888;49.100002;-38.100002;0.4;62.14966129573596;
1667331890;49.100002;-38.100002;0.4;62.14966129573596;
1667331890;49.100002;-38.100002;0.3;62.14909813647407;
1667331891;49.100002;-38.100002;0.3;62.14909813647407;
1667331891;49.100002;-38.100002;0.3;62.14909813647407;
1667331892;49.100002;-38.100002;0.3;62.14909813647407;
1667331892;49.100002;-38.100002;0.3;62.14909813647407;
1667331893;49.100002;-38.100002;0.3;62.14909813647407;
1667331894;49.100002;-38.100002;0.3;62.14909813647407;
1667331898;49.100002;-38.100002;0.3;62.14909813647407;
1667331903;49.100002;-38.100002;0.3;62.14909813647407;
1667331913;49.100002;-38.100002;0.3;62.14909813647407;
1667331922;49.100002;-38.100002;0.3;62.14909813647407;
1667331932;49.100002;-38.100002;0.3;62.14909813647407;
1667331944;49.100002;-38.100002;0.3;62.14909813647407;
1667331954;49.100002;-38.2;0.3;62.210451558059724;
