1718027217;326.1;-54.2;1.3000001;330.5760790855889;
1718027226;326.1;-54.2;1.3000001;330.5760790855889;
1718027235;326.1;-54.2;1.3000001;330.5760790855889;
1718027245;326.1;-54.2;1.3000001;330.5760790855889;
1718027255;326.1;-54.2;1.3000001;330.5760790855889;
1718027265;326.1;-54.2;1.3000001;330.5760790855889;
1718027275;326.1;-54.2;1.3000001;330.5760790855889;
1718027290;326.1;-54.2;1.3000001;330.5760790855889;
1718027295;326.1;-54.2;1.3000001;330.5760790855889;
1718027305;326.1;-54.2;1.3000001;330.5760790855889;
1718027315;326.1;-54.2;1.3000001;330.5760790855889;
1718027325;326.1;-54.2;1.3000001;330.5760790855889;
1718027335;326.1;-54.2;1.3000001;330.5760790855889;
1718027345;326.1;-54.2;1.3000001;330.5760790855889;
1718027355;326.1;-54.2;1.3000001;330.5760790855889;
1718027365;326.2;-54.2;1.3000001;330.67473149116785;
1718027375;326.2;-54.2;1.3000001;330.67473149116785;
1718027385;326.2;-54.2;1.3000001;330.67473149116785;
1718027395;326.2;-54.2;1.3000001;330.67473149116785;
1718027405;326.2;-54.2;1.3000001;330.67473149116785;
1718027415;326.2;-54.2;1.3000001;330.67473149116785;
1718027425;326.2;-54.2;1.3000001;330.67473149116785;
1718027435;326.2;-54.2;1.3000001;330.67473149116785;
1718027445;326.2;-54.2;1.3000001;330.67473149116785;
1718027455;326.2;-54.2;1.3000001;330.67473149116785;
1718027467;326.2;-54.2;1.3000001;330.67473149116785;
1718027475;326.1;-54.2;1.3000001;330.5760790855889;
1718027490;326.1;-54.3;1.3000001;330.59248917367086;
1718027503;326.1;-54.3;1.2;330.59211106433276;
1718027506;326.1;-54.3;1.2;330.59211106433276;
1718027516;326.1;-54.3;1.2;330.59211106433276;
1718027526;326.1;-54.3;1.3000001;330.59248917367086;
1718027536;326.1;-54.2;1.3000001;330.5760790855889;
1718027554;326.1;-54.100002;1.3000001;330.55969843365517;
1718027555;326.1;-54.100002;1.3000001;330.55969843365517;
1718027566;326.1;-54.100002;1.3000001;330.55969843365517;
1718027576;326.1;-54.100002;1.3000001;330.55969843365517;
1718027585;326.1;-54.100002;1.3000001;330.55969843365517;
1718027601;326.0;-54.100002;1.2;330.4606636920113;
1718027606;326.0;-54.0;1.2;330.4443069567313;
1718027615;326.1;-54.0;1.3000001;330.5433465990488;
1718027625;326.1;-54.0;1.3000001;330.5433465990488;
1718027636;326.1;-54.0;1.3000001;330.5433465990488;
1718027645;326.1;-54.0;1.3000001;330.5433465990488;
1718027658;326.1;-54.0;1.3000001;330.5433465990488;
1718027666;326.1;-54.0;1.3000001;330.5433465990488;
1718027675;326.1;-54.0;1.2;330.54296843349636;
1718027685;326.1;-54.0;1.2;330.54296843349636;
1718027695;326.1;-54.0;1.3000001;330.5433465990488;
1718027708;326.1;-54.0;1.3000001;330.5433465990488;
1718027719;326.1;-54.0;1.3000001;330.5433465990488;
1718027725;326.1;-54.0;1.3000001;330.5433465990488;
1718027736;326.1;-54.0;1.3000001;330.5433465990488;
1718027745;326.1;-54.0;1.3000001;330.5433465990488;
1718027755;326.1;-54.0;1.3000001;330.5433465990488;
1718027768;326.1;-54.0;1.3000001;330.5433465990488;
1718027775;326.2;-54.0;1.3000001;330.64200877089604;
1718027786;326.2;-54.0;1.2;330.6416307181868;
1718027795;326.2;-54.0;1.3000001;330.64200877089604;
1718027805;326.2;-54.0;1.3000001;330.64200877089604;
1718027818;326.2;-54.0;1.3000001;330.64200877089604;
1718027825;326.2;-54.0;1.3000001;330.64200877089604;
1718027835;326.2;-54.0;1.3000001;330.64200877089604;
1718027845;326.2;-54.0;1.3000001;330.64200877089604;
1718027855;326.2;-54.0;1.3000001;330.64200877089604;
1718027870;326.2;-54.0;1.3000001;330.64200877089604;
1718027875;326.2;-54.0;1.3000001;330.64200877089604;
1718027885;326.2;-54.0;1.3000001;330.64200877089604;
1718027895;326.2;-54.0;1.3000001;330.64200877089604;
1718027905;326.30002;-54.0;1.3000001;330.740671750012;
1718027918;326.30002;-54.0;1.3000001;330.740671750012;
1718027925;326.30002;-54.0;1.3000001;330.740671750012;
1718027938;326.30002;-54.0;1.3000001;330.740671750012;
1718027945;326.30002;-54.0;1.3000001;330.740671750012;
1718027955;326.30002;-54.0;1.3000001;330.740671750012;
1718027965;326.30002;-54.0;1.3000001;330.740671750012;
1718027975;326.30002;-54.0;1.3000001;330.740671750012;
1718027992;326.30002;-54.0;1.3000001;330.740671750012;
1718027995;326.30002;-54.0;1.3000001;330.740671750012;
1718028008;326.30002;-54.0;1.3000001;330.740671750012;
1718028016;326.30002;-54.0;1.3000001;330.740671750012;
1718028025;326.30002;-54.0;1.3000001;330.740671750012;
1718028037;326.30002;-54.0;1.3000001;330.740671750012;
1718028045;326.30002;-54.0;1.3000001;330.740671750012;
1718028061;326.30002;-54.0;1.3000001;330.740671750012;
1718028081;326.30002;-54.0;1.3000001;330.740671750012;
1718028083;326.30002;-54.0;1.3000001;330.740671750012;
1718028088;326.30002;-54.0;1.3000001;330.740671750012;
1718028101;326.2;-54.100002;1.2;330.6579776924064;
1718028105;326.2;-54.100002;1.2;330.6579776924064;
1718028115;326.30002;-54.100002;1.2;330.7566359080764;
1718028126;326.30002;-54.0;1.2;330.74029381007944;
1718028136;326.30002;-54.0;1.2;330.74029381007944;
1718028145;326.30002;-54.0;1.3000001;330.740671750012;
1718028156;326.4;-54.0;1.3000001;330.8393054275912;
1718028165;326.4;-54.0;1.3000001;330.8393054275912;
1718028175;326.4;-54.0;1.3000001;330.8393054275912;
1718028185;326.30002;-54.0;1.3000001;330.740671750012;
1718028195;326.30002;-54.0;1.3000001;330.740671750012;
1718028205;326.30002;-54.0;1.3000001;330.740671750012;
1718028215;326.30002;-54.0;1.3000001;330.740671750012;
1718028225;326.4;-54.0;1.3000001;330.8393054275912;
1718028241;326.4;-54.0;1.3000001;330.8393054275912;
1718028245;326.30002;-54.0;1.3000001;330.740671750012;
1718028255;326.30002;-54.100002;1.3000001;330.7570138293357;
1718028265;326.30002;-54.100002;1.3000001;330.7570138293357;
1718028275;326.4;-54.100002;1.3000001;330.85564263506393;
1718028285;326.4;-54.100002;1.3000001;330.85564263506393;
1718028295;326.30002;-54.100002;1.3000001;330.7570138293357;
1718028305;326.30002;-54.100002;1.3000001;330.7570138293357;
1718028315;326.30002;-54.100002;1.4;330.7574219833118;
1718028325;326.30002;-54.100002;1.4;330.7574219833118;
1718028337;326.30002;-54.100002;1.4;330.7574219833118;
1718028345;326.30002;-54.100002;1.4;330.7574219833118;
1718028355;326.30002;-54.100002;1.4;330.7574219833118;
1718028365;326.30002;-54.0;1.4;330.74107992415526;
1718028375;326.30002;-54.0;1.4;330.74107992415526;
1718028385;326.2;-53.9;1.4;330.62610019218135;
1718028395;326.2;-53.9;1.3000001;330.6256918760898;
1718028406;326.1;-54.0;1.3000001;330.5433465990488;
1718028415;326.1;-54.0;1.3000001;330.5433465990488;
1718028425;326.1;-54.0;1.3000001;330.5433465990488;
1718028435;326.1;-54.100002;1.2;330.5593202868095;
1718028445;326.1;-54.100002;1.2;330.5593202868095;
1718028455;326.2;-54.100002;1.2;330.6579776924064;
1718028465;326.2;-54.100002;1.3000001;330.65835572642567;
1718028475;326.2;-54.100002;1.3000001;330.65835572642567;
1718028487;326.2;-54.100002;1.3000001;330.65835572642567;
1718028495;326.2;-54.100002;1.3000001;330.65835572642567;
1718028505;326.2;-54.100002;1.3000001;330.65835572642567;
1718028515;326.2;-54.2;1.3000001;330.67473149116785;
1718028525;326.2;-54.2;1.3000001;330.67473149116785;
1718028639;326.2;-54.100002;1.3000001;330.65835572642567;
1718028640;326.2;-54.100002;1.3000001;330.65835572642567;
1718028641;326.30002;-54.100002;1.3000001;330.7570138293357;
1718028642;326.30002;-54.0;1.4;330.74107992415526;
1718028642;326.30002;-54.0;1.4;330.74107992415526;
1718028645;326.4;-54.0;1.4;330.839713480045;
1718028646;326.4;-53.9;1.4;330.8234063364441;
1718028647;326.4;-53.9;1.4;330.8234063364441;
1718028651;326.4;-53.9;1.4;330.8234063364441;
1718028653;326.4;-53.9;1.4;330.8234063364441;
1718028660;326.4;-53.9;1.4;330.8234063364441;
1718028660;326.4;-53.9;1.4;330.8234063364441;
1718028661;326.4;-53.9;1.4;330.8234063364441;
1718028665;326.4;-53.9;1.4;330.8234063364441;
1718028682;326.4;-53.9;1.4;330.8234063364441;
1718028686;326.4;-53.9;1.4;330.8234063364441;
1718028695;326.5;-53.9;1.4;330.9220756680083;
1718028705;326.5;-53.9;1.5;330.9225138374386;
1718028717;326.5;-53.9;1.4;330.9220756680083;
1718028725;326.5;-54.0;1.4;330.9383779496317;
1718028735;326.5;-54.0;1.4;330.9383779496317;
1718028745;326.5;-54.0;1.4;330.9383779496317;
1718028755;326.5;-54.0;1.5;330.93881609747746;
1718028765;326.5;-54.0;1.5;330.93881609747746;
1718028775;326.5;-54.0;1.5;330.93881609747746;
1718028785;326.5;-54.0;1.5;330.93881609747746;
1718028796;326.5;-54.0;1.5;330.93881609747746;
1718028805;326.5;-54.100002;1.5;330.9551483927243;
