1669172713;77.9;-43.0;-2.9;89.0270758718103;
1669172722;77.9;-43.0;-2.9;89.0270758718103;
1669172732;77.9;-43.0;-2.9;89.0270758718103;
1669172742;77.9;-43.0;-2.9;89.0270758718103;
1669172751;77.9;-43.0;-2.9;89.0270758718103;
1669172762;77.9;-43.0;-2.9;89.0270758718103;
1669172772;77.8;-43.0;-2.9;88.93958890958882;
1669172784;77.8;-43.0;-2.9;88.93958890958882;
1669172792;77.8;-43.0;-3.0;88.9429057027795;
1669172801;77.8;-43.0;-3.0;88.9429057027795;
1669172812;77.8;-43.0;-3.0;88.9429057027795;
1669172822;77.8;-43.0;-3.0;88.9429057027795;
1669172832;77.8;-43.0;-3.0;88.9429057027795;
1669172842;77.8;-43.0;-2.9;88.93958890958882;
1669172852;77.700005;-43.100002;-3.0;88.90388579055988;
1669172864;77.700005;-43.100002;-3.0;88.90388579055988;
1669172872;77.6;-43.3;-3.0;88.91372052227395;
1669172882;77.5;-43.3;-3.1000001;88.82989325005609;
1669172892;77.5;-43.3;-3.1000001;88.82989325005609;
1669172902;77.5;-43.2;-3.1000001;88.78119207807973;
1669172913;77.6;-43.100002;-2.9;88.8131744789751;
1669172922;77.6;-42.9;-2.8;88.7130762280115;
1669172937;77.6;-42.9;-2.8;88.7130762280115;
1669172942;77.6;-42.7;-2.7;88.61342916621678;
1669172951;77.6;-42.7;-2.7;88.61342916621678;
1669172963;77.5;-42.8;-2.7;88.57414936057741;
1669172972;77.5;-42.8;-2.7;88.57414936057741;
1669172982;77.5;-42.8;-2.7;88.57414936057741;
1669172992;77.5;-42.8;-2.7;88.57414936057741;
1669173001;77.6;-42.8;-2.7;88.66165855731253;
1669173014;77.6;-42.8;-2.6000001;88.65866961904992;
1669173022;77.6;-42.7;-2.6000001;88.61043860111793;
1669173032;77.6;-42.8;-2.6000001;88.65866961904992;
1669173041;77.6;-42.8;-2.6000001;88.65866961904992;
1669173051;77.6;-42.8;-2.7;88.66165855731253;
1669173063;77.6;-42.9;-2.7;88.70997629557513;
1669173072;77.6;-43.0;-2.7;88.75837855347002;
1669173084;77.6;-43.0;-2.7;88.75837855347002;
1669173092;77.6;-43.0;-2.7;88.75837855347002;
1669173102;77.6;-43.0;-2.7;88.75837855347002;
1669173114;77.6;-43.0;-2.7;88.75837855347002;
1669173122;77.700005;-43.0;-2.7;88.84582551601544;
1669173132;77.700005;-43.0;-2.7;88.84582551601544;
1669173142;77.700005;-43.0;-2.7;88.84582551601544;
1669173152;77.700005;-43.0;-2.7;88.84582551601544;
1669173162;77.700005;-43.0;-2.7;88.84582551601544;
1669173172;77.700005;-43.0;-2.7;88.84582551601544;
1669173184;77.700005;-43.0;-2.7;88.84582551601544;
1669173192;77.700005;-43.0;-2.7;88.84582551601544;
1669173202;77.700005;-43.0;-2.7;88.84582551601544;
1669173212;77.700005;-43.0;-2.7;88.84582551601544;
1669173222;77.8;-43.100002;-2.6000001;88.97870909882622;
1669173233;77.8;-43.100002;-2.6000001;88.97870909882622;
1669173242;77.8;-43.2;-2.6000001;89.02718990013871;
1669173253;77.8;-43.3;-2.7;89.0787315190358;
1669173262;77.8;-43.3;-2.7;89.0787315190358;
1669173274;77.8;-43.4;-2.7;89.12738416198081;
1669173283;77.8;-43.4;-2.7;89.12738416198081;
1669173292;77.8;-43.4;-2.7;89.12738416198081;
1669173302;77.8;-43.4;-2.7;89.12738416198081;
1669173312;77.8;-43.4;-2.7;89.12738416198081;
1669173322;77.9;-43.5;-2.7;89.26337568112372;
1669173335;77.9;-43.4;-2.7;89.21468696596833;
1669173343;77.9;-43.4;-2.7;89.21468696596833;
1669173352;77.9;-43.4;-2.7;89.21468696596833;
1669173366;78.0;-43.5;-2.6000001;89.34769163634763;
1669173373;78.0;-43.5;-2.6000001;89.34769163634763;
1669173385;78.0;-43.5;-2.6000001;89.34769163634763;
1669173392;78.0;-43.5;-2.6000001;89.34769163634763;
1669173402;78.0;-43.5;-2.6000001;89.34769163634763;
1669173412;78.0;-43.5;-2.6000001;89.34769163634763;
1669173422;78.0;-43.600002;-2.6000001;89.396421630448;
1669173435;78.0;-43.600002;-2.6000001;89.396421630448;
1669173442;78.0;-43.600002;-2.6000001;89.396421630448;
1669173452;78.0;-43.600002;-2.6000001;89.396421630448;
1669173462;78.0;-43.600002;-2.6000001;89.396421630448;
1669173473;78.0;-43.600002;-2.6000001;89.396421630448;
1669173485;78.0;-43.7;-2.6000001;89.44523501799732;
1669173492;78.0;-43.7;-2.6000001;89.44523501799732;
1669173503;78.0;-43.7;-2.6000001;89.44523501799732;
1669173512;78.0;-43.7;-2.7;89.44819767294588;
1669173522;78.0;-43.7;-2.7;89.44819767294588;
1669173534;78.0;-43.600002;-2.6000001;89.396421630448;
1669173544;78.0;-43.600002;-2.6000001;89.396421630448;
1669173553;78.0;-43.600002;-2.6000001;89.396421630448;
1669173567;77.9;-43.600002;-2.6000001;89.30918451122912;
1669173572;77.9;-43.7;-2.7;89.36101109919436;
1669173585;77.9;-43.7;-2.7;89.36101109919436;
1669173592;77.9;-43.7;-2.7;89.36101109919436;
1669173603;77.9;-43.600002;-2.6000001;89.30918451122912;
1669173612;78.0;-43.600002;-2.6000001;89.396421630448;
1669173623;78.0;-43.600002;-2.5;89.39356911761028;
1669173634;78.0;-43.600002;-2.5;89.39356911761028;
1669173643;78.0;-43.600002;-2.5;89.39356911761028;
1669173653;78.0;-43.7;-2.5;89.44238406192508;
1669173662;78.0;-43.7;-2.6000001;89.44523501799732;
1669173672;78.0;-43.8;-2.6000001;89.49413351673041;
1669173683;78.0;-43.8;-2.6000001;89.49413351673041;
1669173692;78.1;-43.8;-2.6000001;89.58130215378702;
1669173702;78.1;-43.8;-2.6000001;89.58130215378702;
1669173712;78.1;-43.8;-2.5;89.57845552823638;
1669173722;78.1;-43.7;-2.5;89.52960308377685;
1669173735;78.1;-43.7;-2.5;89.52960308377685;
1669173742;78.1;-43.7;-2.5;89.52960308377685;
1669173752;78.1;-43.7;-2.5;89.52960308377685;
1669173762;78.1;-43.7;-2.5;89.52960308377685;
1669173772;78.1;-43.7;-2.5;89.52960308377685;
1669173784;78.1;-43.7;-2.5;89.52960308377685;
1669173792;78.1;-43.7;-2.5;89.52960308377685;
1669173802;78.1;-43.7;-2.5;89.52960308377685;
1669173812;78.1;-43.7;-2.5;89.52960308377685;
1669173822;78.1;-43.7;-2.5;89.52960308377685;
1669173838;78.1;-43.7;-2.5;89.52960308377685;
1669173852;78.200005;-43.7;-2.5;89.61685546047302;
1669173852;78.200005;-43.600002;-2.5;89.56813560372555;
1669173862;78.200005;-43.600002;-2.5;89.56813560372555;
1669173872;78.200005;-43.600002;-2.5;89.56813560372555;
1669173887;78.200005;-43.600002;-2.5;89.56813560372555;
1669173893;78.200005;-43.600002;-2.5;89.56813560372555;
1669173902;78.200005;-43.600002;-2.5;89.56813560372555;
1669173913;78.3;-43.600002;-2.5;89.65545536937643;
1669173922;78.3;-43.7;-2.4;89.70139656127967;
1669173935;78.3;-43.7;-2.4;89.70139656127967;
1669173942;78.4;-43.7;-2.4;89.78869809946286;
1669173956;78.4;-43.7;-2.3;89.78608080164419;
1669173964;78.5;-43.8;-2.3;89.92207700530031;
1669173972;78.6;-43.8;-2.3;90.00938669427205;
1669173983;78.700005;-43.9;-2.2;90.1428913154111;
1669173992;78.700005;-43.9;-2.2;90.1428913154111;
1669174005;78.700005;-43.9;-2.2;90.1428913154111;
1669174012;78.8;-44.0;-2.2;90.27890385448225;
1669174022;78.9;-44.0;-2.1000001;90.36382152932947;
1669174032;79.0;-44.0;-2.1000001;90.45114703861314;
1669174043;79.0;-44.0;-2.1000001;90.45114703861314;
1669174053;79.0;-44.0;-2.1000001;90.45114703861314;
1669174063;79.0;-44.0;-2.1000001;90.45114703861314;
1669174072;78.9;-44.0;-2.1000001;90.36382152932947;
1669174082;78.9;-43.9;-2.1000001;90.31517245378363;
1669174092;78.9;-43.9;-2.2;90.31755297264023;
1669174102;78.9;-43.8;-2.2;90.26898788709225;
1669174126;78.9;-43.8;-2.2;90.26898788709225;
1669174127;78.8;-43.7;-2.2;90.1330713326011;
1669174132;78.8;-43.7;-2.2;90.1330713326011;
1669174142;78.8;-43.600002;-2.2;90.08463065779765;
1669174154;78.700005;-43.5;-2.2;89.94876719961118;
1669174162;78.6;-43.5;-2.2;89.86128065157789;
1669174172;78.6;-43.4;-2.3;89.81542123911008;
1669174182;78.5;-43.3;-2.3;89.67959597204985;
1669174362;78.4;-43.2;-2.3;89.54378987376198;
1669174369;78.3;-43.2;-2.4;89.45887627441458;
1669174373;78.3;-43.2;-2.4;89.45887627441458;
1669174376;78.200005;-43.100002;-2.4;89.3230704448538;
1669174377;78.200005;-43.100002;-2.5;89.32581325260102;
1669174379;78.200005;-43.100002;-2.5;89.32581325260102;
1669174379;78.200005;-43.100002;-2.5;89.32581325260102;
1669174380;78.200005;-43.100002;-2.5;89.32581325260102;
1669174384;78.200005;-43.100002;-2.5;89.32581325260102;
1669174386;78.200005;-43.100002;-2.5;89.32581325260102;
1669174402;78.200005;-43.100002;-2.5;89.32581325260102;
1669174407;78.200005;-43.100002;-2.5;89.32581325260102;
1669174408;78.200005;-43.100002;-2.5;89.32581325260102;
1669174414;78.200005;-43.100002;-2.5;89.32581325260102;
1669174415;78.200005;-43.0;-2.5;89.27760478385609;
1669174415;78.200005;-43.0;-2.5;89.27760478385609;
1669174415;78.200005;-43.0;-2.5;89.27760478385609;
1669174416;78.1;-43.0;-2.6000001;89.19287954989223;
1669174416;78.1;-43.0;-2.6000001;89.19287954989223;
1669174417;78.1;-43.0;-2.6000001;89.19287954989223;
1669174417;78.1;-43.0;-2.6000001;89.19287954989223;
1669174432;78.1;-43.0;-2.6000001;89.19287954989223;
1669174441;78.1;-43.0;-2.6000001;89.19287954989223;
1669174452;78.1;-43.0;-2.6000001;89.19287954989223;
1669174464;78.1;-43.0;-2.6000001;89.19287954989223;
1669174476;78.1;-43.0;-2.6000001;89.19287954989223;
1669174482;78.1;-43.100002;-2.6000001;89.2411337876079;
1669174492;78.1;-43.100002;-2.6000001;89.2411337876079;
