1719162075;261.9;-43.3;-26.0;266.72550822316936;
1719162085;261.9;-43.3;-26.0;266.72550822316936;
1719162095;261.9;-43.3;-26.0;266.72550822316936;
1719162105;261.9;-43.4;-26.0;266.74176076389847;
1719162115;261.9;-43.4;-26.0;266.74176076389847;
1719162125;262.0;-43.4;-26.0;266.83995227935094;
1719162135;262.0;-43.4;-26.0;266.83995227935094;
1719162145;262.1;-43.4;-26.0;266.93814514210817;
1719162156;262.1;-43.4;-26.0;266.93814514210817;
1719162165;262.2;-43.2;-26.0;267.0039072135187;
1719162175;262.1;-43.100002;-26.0;266.8895340712316;
1719162185;262.1;-43.0;-26.0;266.87340294503485;
1719162195;262.1;-42.9;-26.0;266.85730893191464;
1719162205;262.1;-42.9;-26.0;266.85730893191464;
1719162215;262.1;-42.8;-26.0;266.84125081058085;
1719162225;262.1;-42.8;-26.0;266.84125081058085;
1719162235;262.0;-42.9;-26.1;266.76885153786816;
1719162245;262.0;-43.0;-26.1;266.7849508872506;
1719162255;262.0;-43.0;-26.1;266.7849508872506;
1719162265;262.0;-43.0;-26.1;266.7849508872506;
1719162275;262.0;-43.100002;-26.1;266.801087361369;
1719162285;262.0;-43.100002;-26.0;266.7913233171127;
1719162295;262.1;-43.0;-26.0;266.87340294503485;
1719162311;262.1;-42.9;-26.0;266.85730893191464;
1719162315;262.1;-42.9;-26.0;266.85730893191464;
1719162325;262.1;-42.9;-26.0;266.85730893191464;
1719162335;262.1;-42.9;-25.9;266.84758441968927;
1719162345;262.1;-43.0;-25.9;266.8636790192753;
1719162356;262.1;-43.100002;-25.9;266.87981073321924;
1719162365;262.1;-43.100002;-25.9;266.87981073321924;
1719162376;262.1;-43.100002;-25.9;266.87981073321924;
1719162385;262.1;-43.100002;-25.9;266.87981073321924;
1719162395;262.1;-43.2;-25.9;266.8959783241792;
1719162406;262.1;-43.2;-25.9;266.8959783241792;
1719162415;262.1;-43.2;-25.9;266.8959783241792;
1719162425;262.1;-43.2;-25.9;266.8959783241792;
1719162436;262.1;-43.2;-25.9;266.8959783241792;
1719162445;262.1;-43.2;-25.9;266.8959783241792;
1719162455;262.1;-43.2;-25.9;266.8959783241792;
1719162465;262.1;-43.2;-25.9;266.8959783241792;
1719162475;262.1;-43.3;-25.9;266.91218240018986;
1719162486;262.1;-43.3;-25.9;266.91218240018986;
1719162496;262.1;-43.3;-25.9;266.91218240018986;
1719162506;262.0;-43.3;-25.9;266.8139799826263;
1719162515;262.0;-43.3;-25.9;266.8139799826263;
1719162526;262.0;-43.3;-25.9;266.8139799826263;
1719162535;262.0;-43.3;-25.9;266.8139799826263;
1719162545;262.0;-43.3;-25.9;266.8139799826263;
1719162556;262.0;-43.3;-25.9;266.8139799826263;
1719162565;262.0;-43.3;-25.9;266.8139799826263;
1719162575;262.0;-43.3;-25.800001;266.8042915565283;
1719162586;262.0;-43.3;-25.800001;266.8042915565283;
1719162595;262.0;-43.3;-25.800001;266.8042915565283;
1719162607;262.0;-43.3;-25.800001;266.8042915565283;
1719162615;262.0;-43.4;-25.800001;266.82053929841646;
1719162627;262.0;-43.4;-25.800001;266.82053929841646;
1719162636;262.0;-43.4;-25.800001;266.82053929841646;
1719162645;262.0;-43.4;-25.800001;266.82053929841646;
1719162656;262.0;-43.4;-25.800001;266.82053929841646;
1719162665;262.0;-43.4;-25.800001;266.82053929841646;
1719162675;262.0;-43.4;-25.800001;266.82053929841646;
1719162685;262.0;-43.4;-25.800001;266.82053929841646;
1719162695;262.0;-43.4;-25.800001;266.82053929841646;
1719162708;262.0;-43.4;-25.800001;266.82053929841646;
1719162715;262.0;-43.4;-25.800001;266.82053929841646;
1719162725;262.0;-43.4;-25.800001;266.82053929841646;
1719162735;262.0;-43.4;-25.800001;266.82053929841646;
1719162746;262.0;-43.4;-25.800001;266.82053929841646;
1719162757;262.0;-43.4;-25.800001;266.82053929841646;
1719162765;262.0;-43.4;-25.800001;266.82053929841646;
1719162779;262.0;-43.3;-25.800001;266.8042915565283;
1719162785;262.0;-43.3;-25.800001;266.8042915565283;
1719162796;262.0;-43.3;-25.800001;266.8042915565283;
1719162809;262.0;-43.2;-25.800001;266.78808092748346;
1719162815;262.0;-43.2;-25.800001;266.78808092748346;
1719162827;262.0;-43.2;-25.800001;266.78808092748346;
1719162836;262.0;-43.2;-25.800001;266.78808092748346;
1719162847;262.0;-43.2;-25.800001;266.78808092748346;
1719162856;261.9;-43.2;-25.800001;266.6898703137186;
1719162869;261.9;-43.3;-25.9;266.7157789054631;
1719162877;261.9;-43.3;-25.9;266.7157789054631;
1719162885;261.9;-43.4;-25.9;266.7320320390198;
1719162896;261.9;-43.4;-25.9;266.7320320390198;
1719162906;262.0;-43.600002;-25.9;266.8628302702061;
1719162916;262.0;-43.5;-25.9;266.8465101518846;
1719162926;262.0;-43.4;-25.9;266.8302271345699;
1719162935;261.9;-43.3;-25.9;266.7157789054631;
1719162946;261.80002;-43.2;-25.9;266.60138715610714;
1719162956;261.80002;-43.2;-25.9;266.60138715610714;
1719162970;261.80002;-43.2;-25.9;266.60138715610714;
1719162983;261.80002;-43.2;-25.9;266.60138715610714;
1719162985;261.80002;-43.3;-25.9;266.6176091363284;
1719162997;261.80002;-43.4;-25.9;266.63386825399516;
1719163006;261.7;-43.4;-25.9;266.5356758519325;
1719163015;261.7;-43.5;-25.9;266.55197686267525;
1719163026;261.7;-43.4;-25.9;266.5356758519325;
1719163038;261.7;-43.4;-25.9;266.5356758519325;
1719163046;261.7;-43.4;-25.800001;266.5259773092636;
1719163056;261.7;-43.4;-25.800001;266.5259773092636;
1719163067;261.7;-43.4;-25.800001;266.5259773092636;
1719163075;261.7;-43.4;-25.800001;266.5259773092636;
1719163085;261.7;-43.4;-25.800001;266.5259773092636;
1719163095;261.80002;-43.4;-25.800001;266.6241732831074;
1719163105;261.80002;-43.4;-25.800001;266.6241732831074;
1719163115;261.80002;-43.4;-25.800001;266.6241732831074;
1719163126;261.9;-43.4;-25.800001;266.7223406362436;
1719163135;262.0;-43.4;-25.800001;266.82053929841646;
1719163146;262.1;-43.4;-25.800001;266.91873930273374;
1719163156;262.2;-43.4;-25.800001;267.0169406477146;
1719163171;262.30002;-43.4;-25.800001;267.11514333188046;
1719163177;262.4;-43.4;-25.800001;267.21331738589083;
1719163187;262.4;-43.4;-25.800001;267.21331738589083;
1719163195;262.5;-43.4;-25.9;267.3211927862925;
1719163205;262.6;-43.4;-25.9;267.41939592754414;
1719163215;262.7;-43.4;-25.9;267.5176004046472;
1719163225;262.7;-43.5;-25.9;267.53384158609583;
1719163236;262.80002;-43.5;-25.9;267.6320414379856;
1719163245;262.80002;-43.5;-25.9;267.6320414379856;
1719163267;262.9;-43.600002;-25.9;267.74647891353555;
1719163268;262.80002;-43.600002;-25.9;267.64831365777104;
1719163276;262.80002;-43.600002;-25.9;267.64831365777104;
1719163285;262.7;-43.600002;-25.9;267.5501197783309;
1719163296;262.7;-43.600002;-25.9;267.5501197783309;
1719163306;262.7;-43.600002;-25.9;267.5501197783309;
1719163316;262.6;-43.5;-25.9;267.43564307288267;
1719163326;262.5;-43.5;-25.9;267.33744589982126;
1719163336;262.5;-43.5;-25.9;267.33744589982126;
1719163346;262.4;-43.5;-25.9;267.2392500683889;
1719163356;262.30002;-43.5;-25.9;267.14108554461086;
1719163366;262.2;-43.5;-25.9;267.04289240046666;
1719163526;262.1;-43.5;-25.800001;266.9350169208125;
1719163535;262.0;-43.5;-25.800001;266.836822906906;
1719163536;261.9;-43.5;-25.800001;266.73863023947257;
1719163536;261.80002;-43.5;-25.800001;266.64046888357774;
1719163537;261.80002;-43.5;-25.800001;266.64046888357774;
1719163537;261.80002;-43.5;-25.800001;266.64046888357774;
1719163538;261.80002;-43.5;-25.7;266.63081147275113;
1719163540;261.7;-43.4;-25.7;266.5163157497523;
1719163542;261.7;-43.4;-25.7;266.5163157497523;
1719163543;261.7;-43.4;-25.7;266.5163157497523;
1719163543;261.7;-43.4;-25.7;266.5163157497523;
1719163544;261.7;-43.4;-25.7;266.5163157497523;
1719163548;261.7;-43.4;-25.7;266.5163157497523;
1719163549;261.80002;-43.4;-25.7;266.6145152820155;
1719163553;261.80002;-43.4;-25.7;266.6145152820155;
1719163556;261.80002;-43.4;-25.800001;266.6241732831074;
1719163566;261.80002;-43.4;-25.800001;266.6241732831074;
1719163566;261.7;-43.4;-25.800001;266.5259773092636;
1719163567;261.7;-43.4;-25.800001;266.5259773092636;
1719163574;261.7;-43.4;-25.800001;266.5259773092636;
1719163575;261.7;-43.4;-25.800001;266.5259773092636;
1719163585;261.7;-43.4;-25.800001;266.5259773092636;
1719163595;261.7;-43.4;-25.800001;266.5259773092636;
1719163605;261.7;-43.4;-25.800001;266.5259773092636;
1719163615;261.7;-43.4;-25.800001;266.5259773092636;
1719163625;261.7;-43.4;-25.800001;266.5259773092636;
1719163637;261.7;-43.4;-25.800001;266.5259773092636;
1719163646;261.7;-43.4;-25.800001;266.5259773092636;
1719163655;261.7;-43.4;-25.800001;266.5259773092636;
1719163666;261.7;-43.4;-25.800001;266.5259773092636;
1719163675;261.7;-43.4;-25.800001;266.5259773092636;
1719163685;261.7;-43.4;-25.800001;266.5259773092636;
1719163695;261.7;-43.4;-25.800001;266.5259773092636;
1719163705;261.7;-43.4;-25.800001;266.5259773092636;
1719163715;261.7;-43.4;-25.800001;266.5259773092636;
