1667166432;44.100002;-42.9;0.4;61.525444596516046;
1667166444;44.100002;-42.9;0.4;61.525444596516046;
1667166454;44.100002;-42.9;0.4;61.525444596516046;
1667166465;44.100002;-42.9;0.4;61.525444596516046;
1667166472;44.100002;-42.9;0.4;61.525444596516046;
1667166482;44.100002;-42.9;0.4;61.525444596516046;
1667166492;44.100002;-42.9;0.4;61.525444596516046;
1667166504;44.100002;-42.9;0.4;61.525444596516046;
1667166512;44.100002;-42.9;0.4;61.525444596516046;
1667166522;44.100002;-42.9;0.4;61.525444596516046;
1667166531;44.100002;-42.9;0.4;61.525444596516046;
1667166542;44.100002;-42.9;0.4;61.525444596516046;
1667166552;44.100002;-42.9;0.4;61.525444596516046;
1667166561;44.100002;-42.9;0.4;61.525444596516046;
1667166572;44.100002;-42.9;0.4;61.525444596516046;
1667166581;44.100002;-42.9;0.4;61.525444596516046;
1667166592;44.100002;-42.9;0.4;61.525444596516046;
1667166601;44.100002;-42.9;0.4;61.525444596516046;
1667166611;44.100002;-42.9;0.4;61.525444596516046;
1667166622;44.100002;-42.9;0.4;61.525444596516046;
1667166632;44.100002;-42.9;0.4;61.525444596516046;
1667166642;44.100002;-42.9;0.4;61.525444596516046;
1667166652;44.100002;-42.9;0.4;61.525444596516046;
1667166661;44.100002;-42.9;0.4;61.525444596516046;
1667166672;44.100002;-42.9;0.4;61.525444596516046;
1667166681;44.100002;-42.9;0.4;61.525444596516046;
1667166691;44.100002;-42.9;0.4;61.525444596516046;
1667166702;44.100002;-42.9;0.4;61.525444596516046;
1667166712;44.100002;-42.9;0.4;61.525444596516046;
1667166722;44.100002;-42.9;0.4;61.525444596516046;
1667166731;44.100002;-42.9;0.4;61.525444596516046;
1667166741;43.9;-42.9;0.4;61.382247147667634;
1667166752;43.9;-42.9;0.3;61.381676947601676;
1667166761;43.9;-42.9;0.3;61.381676947601676;
1667166772;43.9;-42.9;0.3;61.381676947601676;
1667166781;43.9;-42.9;0.3;61.381676947601676;
1667166791;43.9;-42.9;0.3;61.381676947601676;
1667166802;43.9;-42.9;0.3;61.381676947601676;
1667166812;43.9;-42.9;0.3;61.381676947601676;
1667166823;43.9;-42.9;0.3;61.381676947601676;
1667166832;43.9;-42.9;0.3;61.381676947601676;
1667166842;43.9;-43.0;0.3;61.45160806666757;
1667166852;43.9;-43.0;0.3;61.45160806666757;
1667166862;43.9;-43.0;0.3;61.45160806666757;
1667166873;43.9;-43.0;0.3;61.45160806666757;
1667166882;43.9;-43.0;0.3;61.45160806666757;
1667166892;43.9;-43.0;0.3;61.45160806666757;
1667166902;44.0;-43.0;0.3;61.52308509825521;
1667166912;44.0;-43.0;0.3;61.52308509825521;
1667166922;44.0;-43.0;0.3;61.52308509825521;
1667166932;44.0;-43.0;0.3;61.52308509825521;
1667166942;44.0;-43.0;0.3;61.52308509825521;
1667166952;43.9;-43.0;0.3;61.45160806666757;
1667166962;43.9;-43.0;0.3;61.45160806666757;
1667166986;43.9;-43.0;0.3;61.45160806666757;
1667167008;43.9;-43.0;0.3;61.45160806666757;
1667167013;43.9;-43.0;0.3;61.45160806666757;
1667167014;43.9;-43.0;0.3;61.45160806666757;
1667167015;43.9;-43.0;0.3;61.45160806666757;
1667167032;43.9;-43.0;0.3;61.45160806666757;
1667167038;43.9;-43.0;0.3;61.45160806666757;
1667167068;44.0;-43.0;0.3;61.52308509825521;
1667167070;44.0;-43.0;0.3;61.52308509825521;
1667167073;44.0;-42.9;0.3;61.453235317008044;
1667167074;44.0;-42.9;0.3;61.453235317008044;
1667167082;44.0;-42.9;0.3;61.453235317008044;
1667167092;43.9;-42.9;0.2;61.38126965853488;
1667167102;43.9;-42.9;0.2;61.38126965853488;
1667167113;44.0;-43.0;0.2;61.522678745330914;
1667167122;44.0;-43.0;0.2;61.522678745330914;
1667167131;44.0;-42.9;0.2;61.45282850220651;
1667167143;44.0;-42.9;0.2;61.45282850220651;
1667167152;44.0;-42.9;0.3;61.453235317008044;
1667167163;44.0;-42.9;0.3;61.453235317008044;
1667167172;44.0;-42.9;0.3;61.453235317008044;
1667167181;44.0;-42.9;0.3;61.453235317008044;
1667167192;44.0;-42.9;0.3;61.453235317008044;
1667167201;44.0;-42.9;0.3;61.453235317008044;
1667167212;44.0;-42.9;0.3;61.453235317008044;
1667167221;44.0;-42.9;0.3;61.453235317008044;
1667167232;44.0;-42.9;0.3;61.453235317008044;
1667167243;44.0;-42.9;0.3;61.453235317008044;
1667167251;44.100002;-42.9;0.3;61.52487572357501;
1667167261;44.100002;-42.9;0.3;61.52487572357501;
1667167272;44.100002;-42.9;0.3;61.52487572357501;
1667167282;44.100002;-42.9;0.3;61.52487572357501;
1667167292;44.100002;-42.9;0.3;61.52487572357501;
1667167304;44.100002;-42.9;0.3;61.52487572357501;
1667167311;44.100002;-42.9;0.3;61.52487572357501;
1667167322;44.100002;-42.9;0.3;61.52487572357501;
1667167331;44.100002;-42.9;0.3;61.52487572357501;
1667167341;44.100002;-42.9;0.3;61.52487572357501;
1667167352;44.100002;-42.9;0.3;61.52487572357501;
1667167362;44.100002;-42.9;0.3;61.52487572357501;
1667167375;44.100002;-42.9;0.3;61.52487572357501;
1667167382;44.100002;-42.9;0.3;61.52487572357501;
1667167392;44.100002;-42.9;0.3;61.52487572357501;
1667167412;44.100002;-42.9;0.3;61.52487572357501;
1667167413;44.100002;-42.9;0.3;61.52487572357501;
1667167422;44.100002;-42.9;0.3;61.52487572357501;
1667167432;44.100002;-42.9;0.3;61.52487572357501;
1667167442;44.100002;-42.9;0.3;61.52487572357501;
1667167451;44.100002;-42.9;0.3;61.52487572357501;
1667167462;44.100002;-42.9;0.3;61.52487572357501;
1667167472;44.100002;-42.9;0.3;61.52487572357501;
1667167482;44.100002;-42.9;0.2;61.52446938247732;
1667167494;44.0;-42.9;0.2;61.45282850220651;
1667167503;44.0;-42.9;0.2;61.45282850220651;
1667167517;43.9;-42.9;0.2;61.38126965853488;
1667167522;43.9;-43.0;0.2;61.45120124109343;
1667167532;43.9;-43.0;0.2;61.45120124109343;
1667167546;43.8;-43.0;0.2;61.37980069345042;
1667167552;43.600002;-43.0;0.1;61.23700024972863;
1667167562;43.600002;-43.0;0.1;61.23700024972863;
1667167571;43.600002;-43.0;0.1;61.23700024972863;
1667167582;43.5;-43.0;0.0;61.1657583947097;
1667167591;43.5;-43.100002;0.0;61.23610207464342;
1667167602;43.5;-43.100002;0.0;61.23610207464342;
1667167611;43.5;-43.100002;0.0;61.23610207464342;
1667167621;43.5;-43.2;0.0;61.30652547582491;
1667167632;43.5;-43.2;0.0;61.30652547582491;
1667167641;43.5;-43.2;0.0;61.30652547582491;
1667167651;43.5;-43.3;0.0;61.37703099637066;
1667167661;43.5;-43.3;0.0;61.37703099637066;
1667167672;43.4;-43.3;0.0;61.30619924914393;
1667167681;43.4;-43.3;0.0;61.30619924914393;
1667167692;43.4;-43.3;0.1;61.30628080691271;
1667167701;43.4;-43.3;0.1;61.30628080691271;
1667167711;43.5;-43.3;0.1;61.37711246001837;
1667167722;43.5;-43.3;0.2;61.37735685031277;
1667167731;43.5;-43.2;0.2;61.30685170451311;
1667167741;43.600002;-43.2;0.2;61.377848329052135;
1667167774;43.600002;-43.2;0.2;61.377848329052135;
1667167781;43.600002;-43.2;0.2;61.377848329052135;
1667167808;43.7;-43.2;0.3;61.44932979785891;
1667167822;43.8;-43.100002;0.3;61.45030618694918;
1667167838;43.9;-43.100002;0.3;61.52162490763285;
1667167838;43.9;-43.100002;0.3;61.52162490763285;
1667167839;43.9;-43.100002;0.3;61.52162490763285;
1667167845;44.0;-43.0;0.3;61.52308509825521;
1667167852;44.0;-43.0;0.3;61.52308509825521;
1667167853;44.0;-43.0;0.3;61.52308509825521;
1667167881;44.100002;-43.0;0.4;61.59521249154477;
1667167885;44.100002;-42.9;0.4;61.525444596516046;
1667167885;44.100002;-42.9;0.4;61.525444596516046;
1667167889;44.100002;-42.9;0.4;61.525444596516046;
1667167903;44.100002;-42.9;0.4;61.525444596516046;
1667167910;44.100002;-42.9;0.4;61.525444596516046;
1667167915;44.100002;-42.9;0.4;61.525444596516046;
1667167923;44.100002;-42.9;0.4;61.525444596516046;
1667167934;44.100002;-42.9;0.4;61.525444596516046;
1667167942;44.100002;-42.9;0.4;61.525444596516046;
1667167952;44.100002;-42.9;0.4;61.525444596516046;
1667167965;44.100002;-42.9;0.4;61.525444596516046;
1667168012;44.100002;-42.9;0.4;61.525444596516046;
1667168012;44.100002;-42.9;0.4;61.525444596516046;
1667168013;44.100002;-42.9;0.4;61.525444596516046;
1667168013;44.2;-42.9;0.4;61.59716063560908;
1667168017;44.2;-42.9;0.4;61.59716063560908;
1667168022;44.2;-42.9;0.4;61.59716063560908;
1667168031;44.100002;-42.9;0.4;61.525444596516046;
1667168042;44.100002;-42.9;0.4;61.525444596516046;
1667168055;44.100002;-42.9;0.4;61.525444596516046;
1667168062;44.100002;-42.9;0.4;61.525444596516046;
1667168082;44.100002;-42.9;0.4;61.525444596516046;
1667168092;44.0;-42.9;0.3;61.453235317008044;
1667168103;43.9;-42.8;0.3;61.31182649923019;
