1667168596;44.100002;-42.9;0.4;61.525444596516046;
1667168601;44.100002;-42.9;0.4;61.525444596516046;
1667168604;44.100002;-42.8;0.4;61.45575755428401;
1667168612;44.100002;-42.8;0.4;61.45575755428401;
1667168632;44.100002;-42.7;0.4;61.386156965830516;
1667168634;44.0;-42.600002;0.4;61.2447564695305;
1667168646;44.0;-42.7;0.4;61.31435447886407;
1667168652;44.0;-42.7;0.4;61.31435447886407;
1667168662;43.9;-42.7;0.3;61.24206233573746;
1667168671;43.9;-42.8;0.3;61.31182649923019;
1667168682;43.9;-42.8;0.4;61.31239734889937;
1667168692;43.8;-42.8;0.4;61.24083497033377;
1667168702;43.8;-42.8;0.4;61.24083497033377;
1667168711;43.8;-42.8;0.4;61.24083497033377;
1667168723;43.8;-42.8;0.4;61.24083497033377;
1667168732;43.9;-42.7;0.4;61.24263383568646;
1667168741;43.9;-42.7;0.4;61.24263383568646;
1667168758;43.9;-42.7;0.4;61.24263383568646;
1667168761;43.9;-42.7;0.4;61.24263383568646;
1667168772;43.9;-42.7;0.4;61.24263383568646;
1667168782;43.9;-42.7;0.4;61.24263383568646;
1667168792;43.9;-42.7;0.4;61.24263383568646;
1667168802;43.9;-42.7;0.4;61.24263383568646;
1667168812;43.9;-42.7;0.4;61.24263383568646;
1667168822;43.9;-42.7;0.4;61.24263383568646;
1667168832;43.9;-42.7;0.4;61.24263383568646;
1667168842;43.9;-42.7;0.4;61.24263383568646;
1667168852;43.9;-42.7;0.4;61.24263383568646;
1667168861;43.9;-42.7;0.4;61.24263383568646;
1667168871;43.9;-42.7;0.4;61.24263383568646;
1667168881;43.9;-42.7;0.4;61.24263383568646;
1667168891;43.9;-42.7;0.4;61.24263383568646;
1667168904;43.9;-42.7;0.4;61.24263383568646;
1667168911;44.0;-42.7;0.4;61.31435447886407;
1667168925;44.0;-42.8;0.4;61.38403648097078;
1667168932;43.9;-42.8;0.4;61.31239734889937;
1667168941;43.9;-42.8;0.4;61.31239734889937;
1667168952;43.9;-42.8;0.4;61.31239734889937;
1667168961;43.9;-42.8;0.4;61.31239734889937;
1667168972;43.9;-42.8;0.4;61.31239734889937;
1667168982;43.9;-42.8;0.4;61.31239734889937;
1667168991;43.9;-42.8;0.4;61.31239734889937;
1667169002;43.9;-42.8;0.4;61.31239734889937;
1667169012;43.9;-42.8;0.4;61.31239734889937;
1667169024;43.9;-42.8;0.4;61.31239734889937;
1667169032;43.9;-42.8;0.4;61.31239734889937;
1667169042;43.9;-42.8;0.4;61.31239734889937;
1667169053;43.9;-42.8;0.4;61.31239734889937;
1667169061;43.9;-42.8;0.4;61.31239734889937;
1667169072;43.9;-42.8;0.4;61.31239734889937;
1667169081;43.9;-42.8;0.4;61.31239734889937;
1667169091;44.0;-42.8;0.3;61.383466297526205;
1667169102;44.0;-42.8;0.3;61.383466297526205;
1667169128;44.0;-42.8;0.3;61.383466297526205;
1667169129;44.0;-42.8;0.3;61.383466297526205;
1667169132;44.0;-42.8;0.3;61.383466297526205;
1667169142;44.0;-42.8;0.3;61.383466297526205;
1667169152;44.0;-42.8;0.3;61.383466297526205;
1667169162;44.0;-42.8;0.3;61.383466297526205;
1667169174;44.0;-42.8;0.3;61.383466297526205;
1667169181;44.0;-42.8;0.3;61.383466297526205;
1667169192;44.0;-42.8;0.3;61.383466297526205;
1667169202;44.0;-42.8;0.3;61.383466297526205;
1667169211;43.9;-42.8;0.3;61.31182649923019;
1667169222;43.9;-42.9;0.2;61.38126965853488;
1667169232;44.0;-42.9;0.2;61.45282850220651;
1667169242;44.0;-42.9;0.3;61.453235317008044;
1667169251;44.0;-42.8;0.3;61.383466297526205;
1667169262;44.0;-42.8;0.3;61.383466297526205;
1667169272;44.0;-42.7;0.4;61.31435447886407;
1667169282;44.0;-42.7;0.4;61.31435447886407;
1667169292;44.0;-42.8;0.3;61.383466297526205;
1667169302;44.0;-42.8;0.3;61.383466297526205;
1667169311;44.0;-42.8;0.3;61.383466297526205;
1667169322;44.0;-42.8;0.3;61.383466297526205;
1667169331;44.0;-42.8;0.3;61.383466297526205;
1667169342;44.0;-42.8;0.3;61.383466297526205;
1667169352;44.0;-42.8;0.3;61.383466297526205;
1667169362;44.100002;-42.8;0.4;61.45575755428401;
1667169372;44.100002;-42.8;0.4;61.45575755428401;
1667169382;44.100002;-42.8;0.4;61.45575755428401;
1667169392;44.100002;-42.8;0.4;61.45575755428401;
1667169402;44.100002;-42.8;0.4;61.45575755428401;
1667169411;44.100002;-42.8;0.4;61.45575755428401;
1667169422;44.100002;-42.8;0.4;61.45575755428401;
1667169432;44.100002;-42.8;0.4;61.45575755428401;
1667169441;44.100002;-42.8;0.4;61.45575755428401;
1667169452;44.100002;-42.8;0.4;61.45575755428401;
1667169461;44.100002;-42.8;0.4;61.45575755428401;
1667169472;44.100002;-42.8;0.4;61.45575755428401;
1667169481;44.100002;-42.8;0.4;61.45575755428401;
1667169491;44.100002;-42.8;0.4;61.45575755428401;
1667169502;44.2;-42.8;0.4;61.52755482010479;
1667169512;44.2;-42.8;0.4;61.52755482010479;
1667169524;44.2;-42.8;0.4;61.52755482010479;
1667169534;44.2;-42.8;0.4;61.52755482010479;
1667169544;44.2;-42.8;0.4;61.52755482010479;
1667169554;44.2;-42.8;0.4;61.52755482010479;
1667169564;44.2;-42.8;0.3;61.52698596667469;
1667169575;44.100002;-42.8;0.3;61.45518803627014;
1667169583;44.100002;-42.8;0.3;61.45518803627014;
1667169594;44.0;-42.7;0.3;61.313783647416365;
1667169604;43.9;-42.7;0.3;61.24206233573746;
1667169613;43.8;-42.7;0.3;61.170417673322184;
1667169637;43.7;-42.7;0.2;61.098446230956895;
1667169646;43.600002;-42.7;0.2;61.026963423893115;
1667169652;43.600002;-42.7;0.2;61.026963423893115;
1667169662;43.5;-42.7;0.1;60.95531203394277;
1667169677;43.5;-42.7;0.1;60.95531203394277;
1667169682;43.4;-42.7;0.0;60.883907542152066;
1667169712;43.3;-42.8;0.0;60.88291935035497;
1667169723;43.3;-42.9;0.0;60.95326131430423;
1667169733;43.3;-42.9;0.0;60.95326131430423;
1667169742;43.3;-42.9;0.0;60.95326131430423;
1667169752;43.3;-42.9;0.0;60.95326131430423;
1667169763;43.3;-42.9;0.0;60.95326131430423;
1667169772;43.3;-43.0;0.0;61.02368338546473;
1667169782;43.4;-43.0;0.1;61.094763543585216;
1667169792;43.4;-43.0;0.1;61.094763543585216;
1667169802;43.4;-42.9;0.1;61.02442349885005;
1667169812;43.5;-42.9;0.2;61.09582744280991;
1667169822;43.5;-42.9;0.2;61.09582744280991;
1667169983;43.600002;-42.9;0.2;61.16706900372594;
1667169986;43.600002;-42.8;0.2;61.09697320063034;
1667169987;43.7;-42.8;0.2;61.168374192669894;
1667169988;43.8;-42.8;0.3;61.240263453597585;
1667170009;43.8;-42.8;0.3;61.240263453597585;
1667170014;43.8;-42.8;0.3;61.240263453597585;
1667170015;43.9;-42.8;0.3;61.31182649923019;
1667170018;43.9;-42.8;0.3;61.31182649923019;
1667170022;43.9;-42.8;0.3;61.31182649923019;
1667170027;44.0;-42.8;0.3;61.383466297526205;
1667170032;44.0;-42.8;0.3;61.383466297526205;
1667170036;44.0;-42.8;0.4;61.38403648097078;
1667170037;44.100002;-42.8;0.4;61.45575755428401;
1667170039;44.100002;-42.8;0.4;61.45575755428401;
1667170041;44.100002;-42.8;0.4;61.45575755428401;
1667170041;44.100002;-42.8;0.4;61.45575755428401;
1667170042;44.100002;-42.8;0.4;61.45575755428401;
1667170042;44.100002;-42.8;0.4;61.45575755428401;
1667170043;44.100002;-42.8;0.4;61.45575755428401;
1667170043;44.100002;-42.8;0.4;61.45575755428401;
1667170044;44.100002;-42.8;0.4;61.45575755428401;
1667170044;44.100002;-42.8;0.4;61.45575755428401;
1667170053;44.100002;-42.8;0.4;61.45575755428401;
1667170062;44.100002;-42.8;0.4;61.45575755428401;
1667170073;44.100002;-42.8;0.4;61.45575755428401;
1667170086;44.100002;-42.8;0.4;61.45575755428401;
1667170092;44.100002;-42.8;0.4;61.45575755428401;
