-1966504786;132.0;-31.2;-1.2;135.6424714008185;
-1966503345;132.0;-31.2;-1.2;135.6424714008185;
-1966503344;132.0;-31.2;-1.2;135.6424714008185;
-1966503341;132.0;-31.2;-1.2;135.6424714008185;
-1966503341;132.0;-31.2;-1.3000001;135.64339293822383;
-1966503339;132.0;-31.2;-1.3000001;135.64339293822383;
-1966503339;131.90001;-31.300001;-1.2;135.5682207853879;
-1966503338;131.90001;-31.5;-1.1;135.61368815578194;
-1966503336;131.8;-31.7;-1.0;135.562276658419;
-1966503335;131.8;-31.9;-0.90000004;135.6084834373203;
-1966503335;131.7;-32.0;-0.8;135.53423625116304;
-1966503333;131.7;-32.100002;-0.7;135.55732862185081;
-1966503333;131.7;-32.100002;-0.7;135.55732862185081;
-1966503332;131.7;-32.100002;-0.8;135.5578818923054;
-1966503331;131.7;-32.100002;-0.90000004;135.55850892944167;
-1966503331;131.7;-32.100002;-0.90000004;135.55850892944167;
-1966503330;131.7;-32.0;-1.1;135.53633902470384;
-1966503330;131.8;-31.9;-1.3000001;135.61172803371971;
-1966503330;131.8;-31.9;-1.4;135.61272351825562;
-1966503329;131.90001;-31.9;-1.6;135.71213059597784;
-1966503329;131.8;-31.800001;-1.7;135.59266527873078;
-1966503328;131.7;-31.7;-1.9;135.47468119337563;
-1966503327;131.7;-31.7;-1.9;135.47468119337563;
-1966503327;131.3;-31.800001;-2.2;135.1139181371995;
-1966503326;131.1;-31.9;-2.4;134.94658786520625;
-1966503326;131.0;-32.0;-2.5;134.87494207598385;
-1966503321;131.0;-32.0;-2.5;134.87494207598385;
-1966503321;131.0;-32.100002;-2.6000001;134.90059357796025;
-1966503320;131.1;-32.100002;-2.5;134.99582122156218;
-1966503320;131.1;-32.2;-2.5;135.01963431099617;
-1966503319;131.2;-32.2;-2.4;135.11491127484717;
-1966503319;131.2;-32.100002;-2.4;135.09111498029273;
-1966503318;131.2;-32.100002;-2.4;135.09111498029273;
-1966503318;131.2;-32.100002;-2.4;135.09111498029273;
-1966503317;131.2;-32.100002;-2.3;135.08937539992388;
-1966503317;131.1;-32.0;-2.3;134.96852077474395;
-1966503316;131.1;-32.0;-2.2;134.96685371064868;
-1966503316;131.1;-32.0;-2.2;134.96685371064868;
-1966503315;131.1;-32.0;-2.2;134.96685371064868;
-1966503313;131.0;-32.0;-2.2;134.8697149111312;
-1966503312;131.0;-32.0;-2.2;134.8697149111312;
-1966503311;131.0;-32.0;-2.2;134.8697149111312;
-1966503310;131.0;-32.0;-2.2;134.8697149111312;
-1966503309;131.0;-32.0;-2.1000001;134.86812077211135;
-1966503309;131.0;-32.0;-2.1000001;134.86812077211135;
-1966503309;131.0;-31.9;-2.1000001;134.84442879208265;
-1966503308;131.0;-31.9;-2.1000001;134.84442879208265;
-1966503308;130.90001;-31.9;-2.1000001;134.74729078209222;
-1966503307;130.90001;-31.9;-2.1000001;134.74729078209222;
-1966503307;130.90001;-31.800001;-2.1000001;134.72365223017044;
-1966503306;130.90001;-31.800001;-2.1000001;134.72365223017044;
-1966503306;130.90001;-31.800001;-2.1000001;134.72365223017044;
-1966503305;130.90001;-31.800001;-2.1000001;134.72365223017044;
-1966503305;130.90001;-31.800001;-2.1000001;134.72365223017044;
-1966503305;130.90001;-31.800001;-2.1000001;134.72365223017044;
-1966503304;130.90001;-31.800001;-2.1000001;134.72365223017044;
-1966503304;130.90001;-31.800001;-2.1000001;134.72365223017044;
-1966503304;130.90001;-31.800001;-2.1000001;134.72365223017044;
-1966503303;130.90001;-31.800001;-2.1000001;134.72365223017044;
-1966503303;130.90001;-31.800001;-2.1000001;134.72365223017044;
-1966503303;130.90001;-31.7;-2.1000001;134.70008331779846;
-1966503302;130.90001;-31.7;-2.1000001;134.70008331779846;
-1966503302;130.90001;-31.7;-2.1000001;134.70008331779846;
-1966503301;130.90001;-31.7;-2.1000001;134.70008331779846;
-1966503301;130.90001;-31.7;-2.1000001;134.70008331779846;
-1966503301;130.90001;-31.7;-2.1000001;134.70008331779846;
-1966503300;130.90001;-31.7;-2.1000001;134.70008331779846;
-1966503300;131.0;-31.7;-2.0;134.79573453329434;
-1966503300;131.0;-31.7;-2.0;134.79573453329434;
-1966503299;131.0;-31.7;-2.0;134.79573453329434;
-1966503299;131.0;-31.7;-2.0;134.79573453329434;
-1966503298;131.0;-31.7;-2.0;134.79573453329434;
-1966503298;131.0;-31.7;-2.0;134.79573453329434;
-1966503298;131.0;-31.7;-2.0;134.79573453329434;
-1966503297;131.0;-31.7;-2.0;134.79573453329434;
-1966503297;131.0;-31.7;-2.0;134.79573453329434;
-1966503296;131.0;-31.7;-2.0;134.79573453329434;
-1966503296;131.0;-31.7;-2.0;134.79573453329434;
-1966503296;131.0;-31.7;-2.0;134.79573453329434;
-1966503295;131.0;-31.7;-2.0;134.79573453329434;
-1966503295;131.0;-31.7;-2.0;134.79573453329434;
-1966503295;131.0;-31.7;-2.0;134.79573453329434;
-1966503294;131.0;-31.7;-2.0;134.79573453329434;
-1966503294;131.0;-31.7;-2.0;134.79573453329434;
-1966503293;131.0;-31.7;-2.0;134.79573453329434;
-1966503293;131.0;-31.7;-2.0;134.79573453329434;
-1966503293;131.0;-31.7;-2.0;134.79573453329434;
-1966503292;131.0;-31.7;-2.0;134.79573453329434;
-1966503292;131.0;-31.6;-2.0;134.77225242648757;
-1966503292;131.0;-31.6;-2.0;134.77225242648757;
-1966503291;131.0;-31.6;-2.0;134.77225242648757;
-1966503291;131.0;-31.6;-2.0;134.77225242648757;
-1966503290;131.0;-31.6;-2.0;134.77225242648757;
-1966503290;131.1;-31.6;-2.0;134.86946142270577;
-1966503290;131.1;-31.6;-2.0;134.86946142270577;
-1966503289;131.1;-31.6;-2.0;134.86946142270577;
-1966503289;131.1;-31.6;-2.0;134.86946142270577;
-1966503289;131.1;-31.6;-2.0;134.86946142270577;
-1966503288;131.1;-31.5;-2.0;134.84606631393382;
-1966503288;131.1;-31.5;-2.0;134.84606631393382;
-1966503287;131.1;-31.4;-1.9;134.82129496594717;
-1966503287;131.1;-31.4;-1.9;134.82129496594717;
-1966503286;131.1;-31.4;-1.9;134.82129496594717;
-1966503286;131.1;-31.5;-1.9;134.84462021249212;
-1966503286;131.1;-31.5;-1.9;134.84462021249212;
-1966503285;131.1;-31.6;-1.9;134.8680155721145;
-1966503285;131.1;-31.6;-1.9;134.8680155721145;
-1966503284;131.1;-31.7;-1.9;134.8914810083335;
-1966503283;131.1;-31.7;-1.9;134.8914810083335;
-1966503282;131.1;-31.7;-1.9;134.8914810083335;
-1966503280;131.1;-31.7;-1.9;134.8914810083335;
-1966503279;131.1;-31.7;-1.9;134.8914810083335;
-1966503278;131.1;-31.7;-1.9;134.8914810083335;
-1966503278;131.1;-31.7;-1.9;134.8914810083335;
-1966503276;131.1;-31.7;-1.9;134.8914810083335;
-1966503273;131.1;-31.7;-1.9;134.8914810083335;
-1966503271;131.1;-31.7;-2.0;134.89292660741035;
-1966503271;131.1;-31.800001;-2.0;134.91646183148393;
-1966503270;131.1;-31.800001;-2.0;134.91646183148393;
-1966503270;131.1;-31.800001;-2.0;134.91646183148393;
-1966503269;131.1;-31.800001;-2.0;134.91646183148393;
-1966503269;131.1;-31.800001;-2.0;134.91646183148393;
-1966503268;131.1;-31.800001;-2.0;134.91646183148393;
-1966503265;131.1;-31.800001;-2.0;134.91646183148393;
-1966503265;131.1;-31.800001;-2.0;134.91646183148393;
-1966503264;131.1;-31.800001;-2.0;134.91646183148393;
-1966503264;131.1;-31.800001;-2.0;134.91646183148393;
-1966503263;131.1;-31.800001;-2.0;134.91646183148393;
-1966503263;131.1;-31.800001;-2.0;134.91646183148393;
-1966503262;131.2;-31.800001;-2.0;135.01362624566153;
-1966503262;131.2;-31.800001;-2.0;135.01362624566153;
-1966503262;131.2;-31.800001;-2.0;135.01362624566153;
-1966503261;131.2;-31.800001;-2.0;135.01362624566153;
-1966503261;131.2;-31.800001;-2.0;135.01362624566153;
-1966503260;131.2;-31.800001;-2.0;135.01362624566153;
-1966503260;131.2;-31.800001;-2.0;135.01362624566153;
-1966503259;131.2;-31.800001;-2.0;135.01362624566153;
-1966503259;131.2;-31.800001;-2.0;135.01362624566153;
-1966503259;131.2;-31.800001;-2.0;135.01362624566153;
-1966503258;131.2;-31.800001;-2.0;135.01362624566153;
-1966503258;131.2;-31.800001;-2.0;135.01362624566153;
-1966503258;131.2;-31.800001;-2.0;135.01362624566153;
-1966503257;131.2;-31.800001;-2.0;135.01362624566153;
-1966503256;131.2;-31.800001;-2.0;135.01362624566153;
-1966503256;131.2;-31.800001;-2.0;135.01362624566153;
-1966503255;131.2;-31.800001;-2.0;135.01362624566153;
-1966503255;131.2;-31.800001;-2.0;135.01362624566153;
-1966503254;131.2;-31.800001;-2.0;135.01362624566153;
-1966503254;131.2;-31.800001;-2.0;135.01362624566153;
-1966503254;131.2;-31.800001;-2.0;135.01362624566153;
-1966503253;131.2;-31.7;-2.0;134.9901079619878;
-1966503253;131.2;-31.7;-2.0;134.9901079619878;
-1966503253;131.2;-31.7;-2.0;134.9901079619878;
-1966503252;131.2;-31.800001;-2.0;135.01362624566153;
-1966503247;131.2;-31.800001;-2.0;135.01362624566153;
-1966503237;131.2;-31.800001;-2.0;135.01362624566153;
-1966503227;131.2;-31.9;-2.0;135.03721403702386;
-1966503217;131.2;-31.9;-2.1000001;135.03873213075502;
-1966502892;131.2;-31.9;-2.1000001;135.03873213075502;
-1966502892;131.2;-31.9;-2.1000001;135.03873213075502;
-1966502891;131.2;-31.9;-2.1000001;135.03873213075502;
-1966502891;131.2;-31.9;-2.1000001;135.03873213075502;
-1966502837;131.2;-31.9;-2.2;135.04032425572296;
-1966502837;131.2;-31.9;-2.2;135.04032425572296;
-1966502837;131.2;-31.800001;-2.2;135.01673700772432;
-1966502836;131.2;-31.800001;-2.2;135.01673700772432;
-1966502836;131.2;-31.800001;-2.2;135.01673700772432;
-1966502835;131.2;-31.800001;-2.2;135.01673700772432;
-1966502835;131.2;-31.800001;-2.3;135.01840345591353;
-1966502834;131.2;-31.9;-2.3;135.04199041284028;
-1966502834;131.2;-31.9;-2.4;135.04373060360393;
-1966502834;131.1;-31.9;-2.4;134.94658786520625;
-1966502833;131.1;-31.9;-2.4;134.94658786520625;
-1966502833;131.1;-31.9;-2.4;134.94658786520625;
-1966502832;131.1;-31.800001;-2.4;134.92298423020455;
-1966502832;131.1;-31.800001;-2.4;134.92298423020455;
-1966502831;131.1;-31.800001;-2.4;134.92298423020455;
-1966502831;131.3;-31.6;-2.3;135.06865226721246;
-1966502831;131.3;-31.6;-2.3;135.06865226721246;
-1966502830;131.40001;-31.5;-2.3;135.14252626685132;
-1966502830;131.40001;-31.4;-2.4;135.120991642703;
-1966502830;131.40001;-31.2;-2.5;135.0764689115516;
-1966502829;131.40001;-31.1;-2.5;135.05340584277525;
-1966502829;131.40001;-31.0;-2.6000001;135.03230134582543;
-1966502829;131.40001;-31.0;-2.6000001;135.03230134582543;
-1966502828;131.3;-30.9;-2.6000001;134.91204830763132;
-1966502827;131.3;-30.800001;-2.7;134.8911445282629;
-1966502827;131.2;-30.800001;-2.8;134.7958429234646;
-1966502826;131.2;-30.800001;-2.8;134.7958429234646;
-1966502826;131.2;-30.9;-2.9;134.82084103059535;
-1966502826;131.2;-30.9;-2.9;134.82084103059535;
-1966502825;131.2;-31.0;-2.9;134.8437955553458;
-1966502825;131.3;-31.2;-2.9;134.98718772369534;
-1966502824;131.3;-31.4;-2.9;135.03355426703558;
-1966502824;131.40001;-31.5;-2.8;135.15196042136762;
-1966502824;131.40001;-31.6;-2.8;135.17530258833455;
-1966502823;131.40001;-31.6;-2.8;135.17530258833455;
-1966502816;131.40001;-31.6;-2.7;135.17326817966756;
-1966502806;131.5;-31.6;-2.6000001;135.26851083993182;
-1966502797;131.5;-31.5;-2.4;135.24148771903452;
-1966502787;131.5;-31.5;-2.2;135.2380863522174;
-1966502726;131.6;-31.5;-2.0;135.33222678447788;
-1966502726;131.6;-31.5;-2.0;135.33222678447788;
-1966502725;131.6;-31.5;-1.9;135.3307858779914;
-1966502725;131.6;-31.5;-1.9;135.3307858779914;
-1966502710;131.6;-31.5;-1.8000001;135.32941885156694;
-1966502672;131.6;-31.5;-1.8000001;135.32941885156694;
-1966502667;131.5;-31.5;-1.8000001;135.23217072966585;
-1966502666;131.5;-31.5;-1.8000001;135.23217072966585;
-1966502665;131.5;-31.4;-1.8000001;135.20891234050066;
-1966502663;131.5;-31.4;-1.8000001;135.20891234050066;
-1966502660;131.5;-31.4;-1.8000001;135.20891234050066;
-1966502659;131.5;-31.4;-1.8000001;135.20891234050066;
-1966502644;131.5;-31.4;-1.8000001;135.20891234050066;
-1966502640;131.5;-31.4;-1.8000001;135.20891234050066;
-1966502634;131.40001;-31.4;-1.8000001;135.11166634420263;
-1966502626;131.40001;-31.4;-1.9;135.11303557377076;
-1966502610;131.40001;-31.4;-1.9;135.11303557377076;
-1966502606;131.40001;-31.4;-1.9;135.11303557377076;
-1966502596;131.40001;-31.4;-1.9;135.11303557377076;
-1966502587;131.40001;-31.4;-1.9;135.11303557377076;
-1966502576;131.40001;-31.4;-1.9;135.11303557377076;
-1966502567;131.40001;-31.4;-1.9;135.11303557377076;
-1966502555;131.40001;-31.4;-1.9;135.11303557377076;
-1966502546;131.40001;-31.4;-1.9;135.11303557377076;
