1668450952;73.5;-47.8;-1.5;87.68888143352605;
1668450962;73.5;-47.8;-1.5;87.68888143352605;
1668450973;73.5;-47.8;-1.5;87.68888143352605;
1668450982;73.5;-47.8;-1.5;87.68888143352605;
1668450992;73.5;-47.8;-1.5;87.68888143352605;
1668451001;73.5;-47.8;-1.5;87.68888143352605;
1668451014;73.5;-47.8;-1.5;87.68888143352605;
1668451021;73.5;-47.7;-1.5;87.63441146481458;
1668451032;73.5;-47.7;-1.5;87.63441146481458;
1668451042;73.5;-47.7;-1.5;87.63441146481458;
1668451052;73.5;-47.7;-1.5;87.63441146481458;
1668451062;73.5;-47.7;-1.5;87.63441146481458;
1668451072;73.5;-47.7;-1.5;87.63441146481458;
1668451082;73.5;-47.7;-1.5;87.63441146481458;
1668451091;73.5;-47.7;-1.5;87.63441146481458;
1668451102;73.6;-47.7;-1.5;87.71829825170488;
1668451112;73.6;-47.7;-1.5;87.71829825170488;
1668451122;73.6;-47.7;-1.5;87.71829825170488;
1668451131;73.5;-47.7;-1.5;87.63441146481458;
1668451141;73.5;-47.7;-1.5;87.63441146481458;
1668451152;73.5;-47.7;-1.5;87.63441146481458;
1668451161;73.5;-47.7;-1.5;87.63441146481458;
1668451172;73.5;-47.7;-1.5;87.63441146481458;
1668451182;73.5;-47.7;-1.5;87.63441146481458;
1668451191;73.5;-47.7;-1.5;87.63441146481458;
1668451202;73.5;-47.7;-1.5;87.63441146481458;
1668451212;73.5;-47.7;-1.5;87.63441146481458;
1668451222;73.5;-47.7;-1.5;87.63441146481458;
1668451231;73.5;-47.7;-1.5;87.63441146481458;
1668451241;73.5;-47.7;-1.5;87.63441146481458;
1668451252;73.5;-47.7;-1.5;87.63441146481458;
1668451261;73.5;-47.7;-1.5;87.63441146481458;
1668451272;73.5;-47.8;-1.5;87.68888143352605;
1668451281;73.5;-47.9;-1.6;87.74520013228927;
1668451292;73.5;-47.8;-1.6;87.69064902906857;
1668451303;73.5;-47.8;-1.6;87.69064902906857;
1668451312;73.5;-47.8;-1.6;87.69064902906857;
1668451326;73.5;-47.600002;-1.5;87.58002179661474;
1668451332;73.5;-47.5;-1.5;87.52571050839862;
1668451342;73.4;-47.4;-1.5;87.38747260707537;
1668451353;73.4;-47.3;-1.5;87.33327058930608;
1668451362;73.4;-47.3;-1.5;87.33327058930608;
1668451376;73.3;-47.3;-1.5;87.24924283461509;
1668451382;73.3;-47.4;-1.5;87.30349702068656;
1668451392;73.3;-47.4;-1.5;87.30349702068656;
1668451407;73.3;-47.4;-1.5;87.30349702068656;
1668451411;73.3;-47.4;-1.5;87.30349702068656;
1668451422;73.3;-47.4;-1.5;87.30349702068656;
1668451432;73.3;-47.4;-1.4;87.30183613174623;
1668451441;73.3;-47.4;-1.4;87.30183613174623;
1668451452;73.3;-47.4;-1.4;87.30183613174623;
1668451462;73.3;-47.4;-1.4;87.30183613174623;
1668451474;73.3;-47.4;-1.4;87.30183613174623;
1668451482;73.3;-47.4;-1.4;87.30183613174623;
1668451492;73.3;-47.4;-1.4;87.30183613174623;
1668451502;73.3;-47.5;-1.4;87.35617005867958;
1668451512;73.3;-47.5;-1.4;87.35617005867958;
1668451521;73.3;-47.5;-1.4;87.35617005867958;
1668451531;73.3;-47.5;-1.4;87.35617005867958;
1668451542;73.3;-47.5;-1.4;87.35617005867958;
1668451554;73.3;-47.5;-1.4;87.35617005867958;
1668451561;73.3;-47.5;-1.4;87.35617005867958;
1668451572;73.3;-47.5;-1.4;87.35617005867958;
1668451582;73.3;-47.5;-1.4;87.35617005867958;
1668451591;73.3;-47.5;-1.4;87.35617005867958;
1668451604;73.3;-47.5;-1.4;87.35617005867958;
1668451611;73.3;-47.5;-1.5;87.35782991459726;
1668451623;73.3;-47.600002;-1.5;87.41224551104506;
1668451631;73.3;-47.600002;-1.5;87.41224551104506;
1668451642;73.3;-47.600002;-1.5;87.41224551104506;
1668451654;73.3;-47.600002;-1.5;87.41224551104506;
1668451662;73.3;-47.600002;-1.5;87.41224551104506;
1668451681;73.3;-47.7;-1.5;87.46673950806746;
1668451692;73.3;-47.7;-1.4;87.46508171896583;
1668451702;73.3;-47.7;-1.4;87.46508171896583;
1668451712;73.3;-47.7;-1.5;87.46673950806746;
1668451724;73.3;-47.7;-1.5;87.46673950806746;
1668451752;73.3;-47.7;-1.5;87.46673950806746;
1668451762;73.3;-47.7;-1.5;87.46673950806746;
1668451775;73.3;-47.7;-1.5;87.46673950806746;
1668451782;73.3;-47.7;-1.5;87.46673950806746;
1668451792;73.3;-47.7;-1.5;87.46673950806746;
1668451802;73.3;-47.7;-1.5;87.46673950806746;
1668451812;73.3;-47.7;-1.5;87.46673950806746;
1668451822;73.3;-47.7;-1.5;87.46673950806746;
1668451832;73.3;-47.7;-1.5;87.46673950806746;
1668451842;73.3;-47.7;-1.5;87.46673950806746;
1668451852;73.3;-47.7;-1.5;87.46673950806746;
1668451862;73.3;-47.7;-1.5;87.46673950806746;
1668451876;73.3;-47.7;-1.5;87.46673950806746;
1668451882;73.3;-47.7;-1.5;87.46673950806746;
1668451892;73.3;-47.7;-1.5;87.46673950806746;
1668451902;73.3;-47.7;-1.5;87.46673950806746;
1668451912;73.3;-47.7;-1.5;87.46673950806746;
1668451927;73.3;-47.7;-1.5;87.46673950806746;
1668451932;73.3;-47.7;-1.5;87.46673950806746;
1668451942;73.3;-47.7;-1.5;87.46673950806746;
1668451952;73.3;-47.7;-1.5;87.46673950806746;
1668451962;73.3;-47.7;-1.5;87.46673950806746;
1668451974;73.3;-47.7;-1.5;87.46673950806746;
1668451982;73.3;-47.7;-1.5;87.46673950806746;
1668451993;73.3;-47.7;-1.5;87.46673950806746;
1668452002;73.3;-47.7;-1.5;87.46673950806746;
1668452012;73.3;-47.7;-1.5;87.46673950806746;
1668452022;73.3;-47.7;-1.5;87.46673950806746;
1668452032;73.200005;-47.7;-1.5;87.3829545331952;
1668452043;73.200005;-47.7;-1.5;87.3829545331952;
1668452052;73.200005;-47.8;-1.6;87.43935382483862;
1668452062;73.3;-47.9;-1.6;87.57774028623484;
1668452072;73.3;-47.9;-1.6;87.57774028623484;
1668452082;73.3;-47.9;-1.6;87.57774028623484;
1668452094;73.3;-47.8;-1.5;87.52131382955065;
1668452102;73.3;-47.7;-1.5;87.46673950806746;
1668452112;73.200005;-47.7;-1.5;87.3829545331952;
1668452124;73.200005;-47.7;-1.5;87.3829545331952;
1668452132;73.200005;-47.7;-1.5;87.3829545331952;
1668452144;73.200005;-47.8;-1.5;87.43758114923483;
1668452152;73.3;-47.9;-1.5;87.57597041179108;
1668452162;73.3;-47.9;-1.5;87.57597041179108;
1668452173;73.3;-47.8;-1.5;87.52131382955065;
1668452182;73.3;-47.8;-1.5;87.52131382955065;
1668452191;73.3;-47.8;-1.4;87.51965707419069;
1668452201;73.3;-47.7;-1.4;87.46508171896583;
1668452211;73.3;-47.7;-1.4;87.46508171896583;
1668452222;73.3;-47.8;-1.4;87.51965707419069;
1668452233;73.3;-47.8;-1.4;87.51965707419069;
1668452243;73.3;-47.9;-1.4;87.57431469043962;
1668452252;73.3;-47.9;-1.4;87.57431469043962;
1668452261;73.3;-47.9;-1.4;87.57431469043962;
1668452271;73.3;-47.9;-1.4;87.57431469043962;
1668452282;73.3;-47.9;-1.5;87.57597041179108;
1668452292;73.3;-47.9;-1.5;87.57597041179108;
1668452302;73.4;-47.9;-1.5;87.65968497649433;
1668452313;73.4;-47.9;-1.5;87.65968497649433;
1668452325;73.4;-47.9;-1.5;87.65968497649433;
1668452333;73.4;-47.9;-1.5;87.65968497649433;
1668452342;73.4;-47.9;-1.5;87.65968497649433;
1668452353;73.4;-47.9;-1.5;87.65968497649433;
1668452363;73.4;-47.9;-1.5;87.65968497649433;
1668452401;73.4;-47.8;-1.5;87.60508062356894;
1668452421;73.5;-47.8;-1.6;87.69064902906857;
1668452427;73.5;-47.8;-1.6;87.69064902906857;
1668452428;73.5;-47.8;-1.6;87.69064902906857;
1668452429;73.5;-47.9;-1.6;87.74520013228927;
1668452443;73.5;-47.9;-1.6;87.74520013228927;
1668452453;73.5;-47.9;-1.6;87.74520013228927;
1668452463;73.5;-47.9;-1.6;87.74520013228927;
1668452476;73.5;-47.9;-1.6;87.74520013228927;
1668452482;73.5;-47.9;-1.6;87.74520013228927;
1668452493;73.5;-47.9;-1.6;87.74520013228927;
1668452503;73.5;-47.9;-1.6;87.74520013228927;
1668452512;73.5;-47.9;-1.6;87.74520013228927;
1668452524;73.5;-47.9;-1.7;87.74708055736855;
1668452533;73.5;-47.9;-1.7;87.74708055736855;
1668452543;73.5;-47.9;-1.7;87.74708055736855;
1668452552;73.5;-47.9;-1.7;87.74708055736855;
1668452563;73.5;-47.9;-1.7;87.74708055736855;
1668452579;73.4;-47.9;-1.7;87.6633353822472;
1668452582;73.5;-47.9;-1.7;87.74708055736855;
1668452593;73.5;-47.9;-1.7;87.74708055736855;
1668452610;73.5;-47.9;-1.7;87.74708055736855;
1668452612;73.5;-48.0;-1.7;87.80170841254812;
1668452632;73.5;-48.100002;-1.7;87.85641820804247;
1668452642;73.5;-48.2;-1.7;87.91120562083931;
1668452652;73.6;-48.2;-1.8000001;87.99681726741873;
1668452662;73.6;-48.2;-1.8000001;87.99681726741873;
1668452672;73.6;-48.3;-1.8000001;88.05163088749786;
1668452682;73.6;-48.3;-1.8000001;88.05163088749786;
1668452692;73.6;-48.4;-1.7;88.10453974261391;
1668452703;73.6;-48.5;-1.7;88.15951324475851;
1668452712;73.6;-48.5;-1.7;88.15951324475851;
1668452722;73.6;-48.5;-1.7;88.15951324475851;
1668452732;73.6;-48.4;-1.7;88.10453974261391;
1668452743;73.5;-48.4;-1.6;88.0191464840541;
1668452752;73.5;-48.3;-1.6;87.9641968438088;
1668452762;73.5;-48.3;-1.6;87.9641968438088;
1668452775;73.4;-48.2;-1.5;87.82397336460238;
1668452785;73.4;-48.2;-1.5;87.82397336460238;
1668452796;73.4;-48.2;-1.5;87.82397336460238;
1668452805;73.4;-48.100002;-1.5;87.76913149953893;
1668452815;73.4;-48.0;-1.5;87.71436726100819;
1668452998;73.3;-48.0;-1.5;87.63070493490113;
1668453004;73.3;-48.0;-1.5;87.63070493490113;
1668453006;73.3;-48.0;-1.5;87.63070493490113;
1668453006;73.4;-48.0;-1.5;87.71436726100819;
1668453007;73.4;-48.0;-1.5;87.71436726100819;
1668453007;73.4;-48.0;-1.5;87.71436726100819;
1668453007;73.4;-48.0;-1.5;87.71436726100819;
1668453008;73.4;-48.0;-1.5;87.71436726100819;
1668453008;73.5;-48.0;-1.5;87.79806375997138;
1668453009;73.5;-48.0;-1.5;87.79806375997138;
1668453010;73.5;-48.0;-1.5;87.79806375997138;
1668453011;73.5;-48.0;-1.6;87.79982915744367;
1668453011;73.5;-48.0;-1.6;87.79982915744367;
1668453014;73.5;-48.0;-1.6;87.79982915744367;
1668453015;73.5;-48.0;-1.6;87.79982915744367;
1668453021;73.5;-48.0;-1.6;87.79982915744367;
1668453022;73.5;-48.0;-1.6;87.79982915744367;
1668453024;73.5;-48.0;-1.6;87.79982915744367;
1668453027;73.6;-48.0;-1.6;87.8835580496541;
1668453027;73.6;-48.0;-1.6;87.8835580496541;
1668453028;73.6;-48.0;-1.6;87.8835580496541;
1668453037;73.6;-48.0;-1.6;87.8835580496541;
1668453042;73.6;-48.0;-1.6;87.8835580496541;
1668453060;73.6;-48.0;-1.6;87.8835580496541;
1668453062;73.6;-48.0;-1.6;87.8835580496541;
1668453073;73.5;-48.0;-1.6;87.79982915744367;
1668453082;73.5;-48.0;-1.7;87.80170841254812;
1668453092;73.5;-48.0;-1.7;87.80170841254812;
1668453102;73.5;-48.0;-1.7;87.80170841254812;
1668453113;73.5;-48.0;-1.7;87.80170841254812;
1668453122;73.5;-48.0;-1.7;87.80170841254812;
