1668420322;71.3;-49.2;-1.3000001;86.63729283882249;
1668420335;71.3;-49.2;-1.3000001;86.63729283882249;
1668420345;71.3;-49.2;-1.3000001;86.63729283882249;
1668420353;71.3;-49.2;-1.4;86.63885104378497;
1668420363;71.3;-49.3;-1.4;86.69567670817321;
1668420372;71.3;-49.4;-1.5;86.75425399332019;
1668420383;71.3;-49.5;-1.5;86.81123449865618;
1668420392;71.3;-49.4;-1.5;86.75425399332019;
1668420403;71.3;-49.4;-1.5;86.75425399332019;
1668420414;71.200005;-49.4;-1.5;86.67208779423932;
1668420423;71.200005;-49.3;-1.5;86.61512902853438;
1668420432;71.200005;-49.100002;-1.5;86.50145014170258;
1668420442;71.1;-49.0;-1.5;86.36237481114112;
1668420452;70.9;-48.7;-1.5;86.02761353588704;
1668420461;70.9;-48.7;-1.5;86.02761353588704;
1668420472;70.8;-48.7;-1.5;85.94521805452133;
1668420481;70.700005;-48.600002;-1.6;85.80798838002961;
1668420492;70.700005;-48.600002;-1.6;85.80798838002961;
1668420502;70.700005;-48.600002;-1.6;85.80798838002961;
1668420512;70.8;-48.7;-1.6;85.94702151043695;
1668420525;70.8;-48.600002;-1.6;85.89039908324072;
1668420532;70.8;-48.600002;-1.6;85.89039908324072;
1668420546;70.8;-48.600002;-1.6;85.89039908324072;
1668420552;70.8;-48.600002;-1.6;85.89039908324072;
1668420562;70.8;-48.5;-1.6;85.83385364880928;
1668420572;70.8;-48.5;-1.6;85.83385364880928;
1668420582;70.8;-48.5;-1.6;85.83385364880928;
1668420592;70.8;-48.5;-1.6;85.83385364880928;
1668420602;70.8;-48.600002;-1.6;85.89039908324072;
1668420611;70.8;-48.7;-1.6;85.94702151043695;
1668420621;70.8;-48.7;-1.6;85.94702151043695;
1668420632;70.8;-48.8;-1.6;86.00372292954718;
1668420642;70.8;-48.8;-1.6;86.00372292954718;
1668420651;70.8;-48.8;-1.6;86.00372292954718;
1668420661;70.8;-48.8;-1.6;86.00372292954718;
1668420674;70.8;-48.8;-1.6;86.00372292954718;
1668420682;70.8;-48.8;-1.6;86.00372292954718;
1668420692;70.8;-48.8;-1.6;86.00372292954718;
1668420701;70.8;-48.8;-1.6;86.00372292954718;
1668420712;70.8;-48.8;-1.6;86.00372292954718;
1668420722;70.8;-48.8;-1.6;86.00372292954718;
1668420732;70.8;-48.8;-1.6;86.00372292954718;
1668420741;70.700005;-48.9;-1.6;85.97825769684512;
1668420751;70.700005;-48.9;-1.6;85.97825769684512;
1668420761;70.700005;-48.9;-1.6;85.97825769684512;
1668420772;70.700005;-48.9;-1.6;85.97825769684512;
1668420782;70.700005;-48.9;-1.6;85.97825769684512;
1668420792;70.8;-48.9;-1.6;86.06050535196833;
1668420801;70.8;-48.9;-1.7;86.06242258687585;
1668420811;70.8;-48.9;-1.7;86.06242258687585;
1668420822;70.8;-48.9;-1.7;86.06242258687585;
1668420831;70.8;-48.9;-1.7;86.06242258687585;
1668420842;70.8;-48.9;-1.7;86.06242258687585;
1668420851;70.8;-48.9;-1.7;86.06242258687585;
1668420861;70.8;-48.9;-1.7;86.06242258687585;
1668420872;70.8;-48.9;-1.7;86.06242258687585;
1668420882;70.8;-49.0;-1.7;86.11928025878433;
1668420891;70.8;-49.0;-1.7;86.11928025878433;
1668420901;70.8;-49.0;-1.7;86.11928025878433;
1668420912;70.8;-49.0;-1.7;86.11928025878433;
1668420922;70.8;-49.0;-1.7;86.11928025878433;
1668420931;70.8;-49.0;-1.7;86.11928025878433;
1668420942;70.8;-49.0;-1.7;86.11928025878433;
1668420952;70.8;-49.0;-1.7;86.11928025878433;
1668420961;70.8;-49.0;-1.7;86.11928025878433;
1668420972;70.8;-49.0;-1.7;86.11928025878433;
1668420982;70.8;-49.0;-1.7;86.11928025878433;
1668420992;70.8;-49.0;-1.7;86.11928025878433;
1668421001;70.8;-49.0;-1.7;86.11928025878433;
1668421011;70.8;-49.0;-1.8000001;86.12131230065185;
1668421022;70.8;-49.0;-1.8000001;86.12131230065185;
1668421032;70.9;-48.9;-1.8000001;86.14673740692727;
1668421042;70.9;-48.9;-1.8000001;86.14673740692727;
1668421051;70.9;-48.9;-1.8000001;86.14673740692727;
1668421062;70.9;-48.9;-1.8000001;86.14673740692727;
1668421072;70.9;-48.9;-1.8000001;86.14673740692727;
1668421081;70.9;-48.9;-1.8000001;86.14673740692727;
1668421092;70.9;-48.8;-1.9;86.09216074542526;
1668421101;70.9;-48.8;-1.9;86.09216074542526;
1668421112;70.9;-48.8;-1.9;86.09216074542526;
1668421126;70.9;-48.7;-1.9;86.0355176109805;
1668421131;70.9;-48.7;-1.9;86.0355176109805;
1668421142;71.0;-48.7;-1.9;86.11794281228335;
1668421151;71.0;-48.7;-2.0;86.12020711952744;
1668421162;71.0;-48.7;-2.0;86.12020711952744;
1668421173;71.0;-48.7;-2.0;86.12020711952744;
1668421182;71.0;-48.7;-2.0;86.12020711952744;
1668421192;71.0;-48.7;-2.0;86.12020711952744;
1668421201;71.0;-48.8;-2.0;86.17679458843378;
1668421212;71.0;-48.8;-2.0;86.17679458843378;
1668421224;71.0;-48.9;-2.0;86.23346304788507;
1668421232;71.0;-48.9;-2.0;86.23346304788507;
1668421242;71.0;-48.9;-2.0;86.23346304788507;
1668421251;71.0;-48.9;-2.1000001;86.23584028599579;
1668421262;71.1;-48.9;-2.1000001;86.31819004619939;
1668421271;71.1;-48.9;-2.1000001;86.31819004619939;
1668421281;71.1;-48.9;-2.1000001;86.31819004619939;
1668421291;71.1;-48.9;-2.1000001;86.31819004619939;
1668421301;71.1;-48.9;-2.1000001;86.31819004619939;
1668421312;71.1;-48.9;-2.1000001;86.31819004619939;
1668421322;71.1;-49.0;-2.1000001;86.37487935517385;
1668421332;71.200005;-49.0;-2.1000001;86.45721862549306;
1668421341;71.200005;-49.100002;-2.1000001;86.51393458407884;
1668421352;71.200005;-49.100002;-2.1000001;86.51393458407884;
1668421362;71.200005;-49.100002;-2.1000001;86.51393458407884;
1668421374;71.200005;-49.100002;-2.2;86.51641969491841;
1668421382;71.200005;-49.100002;-2.2;86.51641969491841;
1668421392;71.200005;-49.100002;-2.2;86.51641969491841;
1668421405;71.3;-49.100002;-2.3;86.60133174335887;
1668421412;71.3;-49.100002;-2.3;86.60133174335887;
1668421432;71.3;-49.2;-2.3;86.65806661837415;
1668421433;71.4;-49.2;-2.3;86.74036138240034;
1668421442;71.4;-49.2;-2.4;86.7430705787299;
1668421452;71.4;-49.3;-2.4;86.79982801323655;
1668421464;71.4;-49.3;-2.4;86.79982801323655;
1668421477;71.4;-49.3;-2.4;86.79982801323655;
1668421482;71.4;-49.3;-2.4;86.79982801323655;
1668421492;71.4;-49.3;-2.4;86.79982801323655;
1668421503;71.4;-49.3;-2.4;86.79982801323655;
1668421512;71.4;-49.3;-2.4;86.79982801323655;
1668421526;71.4;-49.3;-2.4;86.79982801323655;
1668421534;71.4;-49.3;-2.4;86.79982801323655;
1668421542;71.4;-49.3;-2.4;86.79982801323655;
1668421553;71.4;-49.3;-2.4;86.79982801323655;
1668421563;71.4;-49.3;-2.4;86.79982801323655;
1668421573;71.4;-49.2;-2.4;86.7430705787299;
1668421583;71.4;-49.2;-2.4;86.7430705787299;
1668421593;71.4;-49.2;-2.4;86.7430705787299;
1668421605;71.4;-49.2;-2.5;86.74589496321283;
1668421612;71.5;-49.2;-2.5;86.82822165098881;
1668421622;71.5;-49.3;-2.5;86.88492346071423;
1668421632;71.6;-49.3;-2.5;86.96723352083998;
1668421643;71.6;-49.4;-2.5;87.02396182805619;
1668421652;71.6;-49.5;-2.5;87.08076585270793;
1668421663;71.6;-49.5;-2.5;87.08076585270793;
1668421672;71.6;-49.600002;-2.5;87.13764977634484;
1668421682;71.6;-49.7;-2.4;87.19179925766005;
1668421693;71.6;-49.8;-2.4;87.24883784878247;
1668421703;71.6;-49.8;-2.4;87.24883784878247;
1668421712;71.6;-49.8;-2.4;87.24883784878247;
1668421722;71.5;-49.8;-2.3;87.1640976766919;
1668421732;71.5;-49.8;-2.3;87.1640976766919;
1668421743;71.5;-49.7;-2.3;87.10700359682244;
1668421752;71.5;-49.7;-2.3;87.10700359682244;
1668421762;71.5;-49.7;-2.2;87.10442053102696;
1668421773;71.5;-49.600002;-2.2;87.04740218559424;
1668421782;71.5;-49.600002;-2.2;87.04740218559424;
1668421792;71.5;-49.5;-2.2;86.99045924818313;
1668421995;71.5;-49.5;-2.1000001;86.98798767991369;
1668421996;71.4;-49.4;-2.1000001;86.8488938861812;
1668421998;71.4;-49.4;-2.1000001;86.8488938861812;
1668421998;71.4;-49.4;-2.1000001;86.8488938861812;
1668421999;71.4;-49.3;-2.1000001;86.79205115257096;
1668422001;71.4;-49.3;-2.1000001;86.79205115257096;
1668422003;71.5;-49.2;-2.1000001;86.8176253745405;
1668422004;71.5;-49.2;-2.1000001;86.8176253745405;
1668422005;71.5;-49.2;-2.1000001;86.8176253745405;
1668422005;71.6;-49.100002;-2.0;86.84106175223856;
1668422006;71.6;-49.100002;-2.0;86.84106175223856;
1668422007;71.6;-49.0;-2.1000001;86.7869217226591;
1668422007;71.6;-49.0;-2.1000001;86.7869217226591;
1668422008;71.6;-49.100002;-2.1000001;86.84342235804003;
1668422008;71.6;-49.100002;-2.1000001;86.84342235804003;
1668422008;71.6;-49.100002;-2.1000001;86.84342235804003;
1668422009;71.6;-49.100002;-2.1000001;86.84342235804003;
1668422009;71.6;-49.100002;-2.1000001;86.84342235804003;
1668422013;71.6;-49.100002;-2.1000001;86.84342235804003;
1668422013;71.6;-49.100002;-2.1000001;86.84342235804003;
1668422027;71.6;-49.100002;-2.1000001;86.84342235804003;
1668422035;71.6;-49.100002;-2.1000001;86.84342235804003;
1668422044;71.700005;-49.100002;-2.1000001;86.92589304571975;
1668422051;71.700005;-49.100002;-2.1000001;86.92589304571975;
1668422062;71.700005;-49.0;-2.0;86.86708615139065;
1668422071;71.700005;-49.0;-2.0;86.86708615139065;
1668422081;71.700005;-49.0;-2.0;86.86708615139065;
1668422092;71.700005;-49.0;-2.0;86.86708615139065;
1668422102;71.700005;-49.0;-2.0;86.86708615139065;
1668422113;71.700005;-49.0;-2.0;86.86708615139065;
