1750025110;335.93787;-20.376575;-6.753909;336.62303853200706;
1750025130;335.91315;-20.270243;-6.2844586;336.582856765151;
1750025134;335.91315;-20.270243;-6.2844586;336.582856765151;
1750025142;337.01224;-20.202866;-5.9024663;337.6688365018781;
1750025146;337.00543;-20.171045;-5.617842;337.65528650381816;
1750025158;337.8765;-20.159147;-5.4220204;338.52077579021477;
1750025162;337.86917;-20.150915;-5.3038983;338.51110399414034;
1750025164;338.56796;-20.136705;-5.2475276;339.20685249682884;
1750025174;338.56497;-20.109463;-5.2424803;339.2021732018538;
1750025179;339.20453;-20.07695;-5.2758565;339.8391251022436;
1750025193;339.21588;-20.060595;-5.3328185;339.8503796757585;
1750025223;339.84918;-20.07172;-5.395553;340.48414432360715;
1750025229;339.85895;-20.093853;-5.4580407;340.4961930845762;
1750025234;340.51434;-20.117947;-5.505942;341.1525540564046;
1750025243;340.51758;-20.141294;-5.5280194;341.15751751092824;
1750025248;341.17355;-20.159906;-5.5188513;341.81321380274386;
1750025254;341.16122;-20.160717;-5.4651494;341.80009271320586;
1750025261;341.95956;-20.145296;-5.355037;342.59429786902786;
1750025272;342.85666;-20.078476;-5.0517597;343.48122808863076;
1750025281;342.85666;-20.078476;-5.0517597;343.48122808863076;
1750025291;342.83865;-20.035679;-4.9217734;343.45886894814925;
1750025302;343.92126;-20.000057;-4.832045;344.5361914601146;
1750025318;343.91504;-19.983625;-4.783554;344.52834682733516;
1750025331;344.89664;-19.992096;-4.7993526;345.5089114255899;
1750025335;344.89664;-19.992096;-4.7993526;345.5089114255899;
1750025351;345.81787;-19.96381;-4.8986025;346.4282753796608;
1750025354;345.81787;-19.96381;-4.8986025;346.4282753796608;
1750025371;346.86133;-19.864824;-4.974265;347.4653011542055;
1750025379;346.86133;-19.864824;-4.974265;347.4653011542055;
1750025387;346.86133;-19.864824;-4.974265;347.4653011542055;
1750025391;348.01947;-19.720125;-4.9464536;348.61282591062667;
1750025410;349.216;-19.655;-4.8857765;349.8028114629898;
1750025421;349.20416;-19.607874;-4.8115177;349.78731623343174;
1750025427;349.20416;-19.607874;-4.8115177;349.78731623343174;
1750025434;349.20416;-19.607874;-4.8115177;349.78731623343174;
1750025440;350.16367;-19.549644;-4.710721;350.74060545925613;
1750025441;350.16367;-19.549644;-4.710721;350.74060545925613;
1750025443;351.01724;-19.575989;-4.7475286;351.59474234973936;
1750025453;351.97995;-19.603783;-4.8247366;352.55846542833126;
1750025459;351.9636;-19.620728;-4.9151525;352.54432648941935;
1750025472;352.8962;-19.618069;-4.993567;353.47636294820126;
1750025489;352.8812;-19.590824;-5.0519676;353.46069173204876;
1750025510;353.81683;-19.542658;-5.096534;354.3927789863285;
1750025517;353.7938;-19.486616;-5.1447616;354.3673864090433;
1750025519;354.6621;-19.43863;-5.2067766;355.2325754380229;
1750025524;354.6377;-19.413555;-5.2842937;355.20797403681115;
1750025533;355.46982;-19.41401;-5.3616;356.03994451987336;
1750025549;355.45447;-19.431526;-5.4156227;356.02639205442375;
1750025554;356.13962;-19.44945;-5.428902;356.7116223479;
1750025562;356.12598;-19.446342;-5.406095;356.6974870691384;
1750025577;356.70206;-19.430054;-5.3578787;357.2710333024994;
1750025580;356.70206;-19.430054;-5.3578787;357.2710333024994;
1750025581;356.69324;-19.410465;-5.314226;357.26051097109615;
1750025588;357.19186;-19.405056;-5.2963595;357.75778865075995;
1750025604;357.19003;-19.430044;-5.3076124;357.75748351563965;
1750025624;357.7359;-19.486282;-5.347987;358.30614137108665;
1750025630;357.75015;-19.559454;-5.4152946;358.32536797183946;
1750025634;357.75015;-19.559454;-5.4152946;358.32536797183946;
1750025646;358.2903;-19.634144;-5.499101;358.87001633402133;
1750025673;358.30478;-19.688486;-5.5766325;358.88863176053036;
1750025683;358.74957;-19.713463;-5.6270485;359.3348580955932;
1750025689;358.74957;-19.713463;-5.6270485;359.3348580955932;
1750025692;358.7593;-19.706367;-5.6544385;359.3446181197049;
1750025695;359.11948;-19.674404;-5.667718;359.7026598124914;
1750025698;359.12097;-19.636583;-5.67296;359.70216871449907;
1750025700;359.42535;-19.615057;-5.681539;360.00502142010674;
1750025702;359.42502;-19.6156;-5.7075176;360.0051268125374;
1750025710;359.71268;-19.642717;-5.738098;360.29428542730113;
1750025721;359.71863;-19.695112;-5.7712765;360.30361690863623;
1750025731;0.005713604;-19.764154;-5.814618;20.60173820135371;
1750025740;0.0149899395;-19.841885;-5.878764;20.69445523942103;
1750025751;0.31460452;-19.885132;-5.969987;20.76434896425645;
1750025759;0.3925229;-19.945251;-6.1612463;20.878890923370403;
1750025770;0.72481984;-20.052721;-6.433994;21.072096731860317;
1750025778;0.8080584;-20.184532;-6.785096;21.30975896401649;
1750025788;1.1610022;-20.352827;-7.154081;21.604776529846642;
1750025799;1.1774136;-20.5171;-7.5252233;21.885306823847866;
1750025809;1.4427359;-20.644363;-7.868589;22.14014270272144;
1750025819;1.472614;-20.73492;-8.152696;22.328725149651056;
1750025829;1.6465846;-20.787024;-8.379244;22.472723828792606;
1750025843;1.6998717;-20.800991;-8.557815;22.556750283733933;
1750025850;1.7834373;-20.77982;-8.716305;22.604325148276775;
1750025864;1.8087997;-20.741167;-8.85328;22.62406541335784;
1750025877;1.8115869;-20.713282;-8.962649;22.641796884810763;
1750025889;1.8407066;-20.704477;-9.0565815;22.67344812422454;
1750025892;1.8407066;-20.704477;-9.0565815;22.67344812422454;
1750025894;1.735339;-20.709358;-9.149989;22.70707423554265;
1750025901;1.759678;-20.712389;-9.242658;22.749203175071674;
1750025911;1.5704467;-20.7014;-9.323669;22.758407412047923;
1750025922;1.5987556;-20.683428;-9.376457;22.76572325567863;
1750025937;1.4015664;-20.665667;-9.40109;22.74675032812203;
1750025939;1.4443598;-20.645813;-9.416979;22.737969555747572;
1750025956;1.1888994;-20.627367;-9.424313;22.709456615361564;
1750025960;1.1955826;-20.614262;-9.439902;22.704381863306484;
1750025969;0.91926014;-20.622566;-9.492078;22.7208014454419;
1750025979;0.92979825;-20.660135;-9.5890665;22.795962593472602;
1750026003;0.5507796;-20.721924;-9.737085;22.902233870320593;
1750026011;0.5650542;-20.799992;-9.928173;23.054881424886933;
1750026015;0.11380602;-20.881004;-10.151287;23.218051665510338;
1750026026;0.11838283;-20.95441;-10.388207;23.388377238312078;
1750026037;359.5632;-21.029655;-10.60465;360.33373581200675;
1750026045;359.5588;-21.089254;-10.818493;360.33919076087125;
1750026053;358.92706;-21.12087;-11.040143;359.7174064145764;
1750026060;358.92975;-21.135899;-11.229153;359.7268192151083;
1750026070;358.23517;-21.134712;-11.364504;359.0379700366276;
1750026079;358.23575;-21.14245;-11.414687;359.040596092666;
1750026093;357.5911;-21.125189;-11.403431;358.39601426706565;
1750026100;357.5819;-21.10542;-11.316438;358.382926843849;
1750026110;356.83218;-21.053595;-11.23053;357.6291180355722;
1750026120;356.82745;-21.013676;-11.092925;357.61775571799683;
1750026139;356.0373;-20.977905;-10.957516;356.8230560055819;
1750026142;356.0661;-20.944426;-10.785015;356.84457940122024;
1750026150;355.28772;-20.898203;-10.579965;356.0590320782832;
1750026168;355.33063;-20.860106;-10.361081;356.09317713489725;
1750026171;354.58438;-20.813429;-10.169611;355.3402638763055;
1750026195;354.6043;-20.77347;-10.018864;355.3535291813837;
1750026196;353.94604;-20.800825;-9.969975;354.6968810863329;
1750026204;353.98553;-20.876637;-10.033598;354.74253451437175;
1750026208;353.98553;-20.876637;-10.033598;354.74253451437175;
1750026209;353.3568;-20.997627;-10.181248;354.1265231600778;
1750026224;353.39246;-21.110577;-10.366466;354.17417756011497;
1750026230;352.79825;-21.187332;-10.559495;353.59158640308846;
1750026239;352.81146;-21.202238;-10.721524;353.61053997894686;
1750026251;352.2355;-21.166769;-10.859299;353.0379680197862;
1750026267;352.2443;-21.086458;-10.976948;353.0455695847091;
1750026270;351.65482;-20.959534;-11.0433445;352.45193558391713;
1750026281;351.64917;-20.820236;-11.026282;352.4375119705764;
1750026292;351.04004;-20.686178;-10.943592;351.8192564389531;
1750026300;351.02255;-20.537502;-10.736789;351.7867251470387;
1750026310;349.83746;-20.389996;-10.440757;350.5866684650811;
1750026319;349.83517;-20.271227;-10.072223;350.5667150050909;
1750026334;348.55826;-20.187035;-9.666586;349.2761350408775;
1750026342;348.54578;-20.133865;-9.245895;349.24921952537136;
1750026343;348.54578;-20.133865;-9.245895;349.24921952537136;
1750026352;347.39478;-20.12113;-8.848433;348.08947786336904;
1750026359;347.38403;-20.152693;-8.520534;348.072402013615;
1750026368;346.6846;-20.214552;-8.275957;347.37203691188455;
1750026378;346.67316;-20.283129;-8.123555;347.36101546247454;
1750026392;346.2642;-20.330227;-8.04849;346.9538673269136;
1750026399;346.24988;-20.354546;-8.022725;346.94041219025877;
1750026410;346.07877;-20.355957;-8.031306;346.76992235849474;
1750026419;346.06064;-20.337275;-8.037838;346.75088614828013;
1750026428;346.04803;-20.297815;-8.031921;346.7358582056487;
1750026439;346.02692;-20.228464;-7.994075;346.7098541120128;
1750026448;346.13644;-20.139736;-7.908643;346.81204352239456;
1750026458;346.1012;-20.035048;-7.7743382;346.7677631174047;
1750026469;346.28772;-19.92162;-7.600724;346.9435498207488;
1750026479;346.24237;-19.823395;-7.41972;346.8887407085442;
1750026488;346.5197;-19.760052;-7.228871;347.15793042259185;
1750026498;346.4616;-19.732006;-7.0229607;347.0941089567933;
1750026508;346.8197;-19.74869;-6.81686;347.4483934690936;
1750026518;346.77106;-19.794256;-6.6251664;347.3987211710215;
1750026530;347.20602;-19.85336;-6.4561863;347.8330942187194;
1750026543;347.17725;-19.904335;-6.298997;347.80439922487005;
1750026548;347.7245;-19.912327;-6.138521;348.3482471218423;
1750026560;347.69318;-19.882624;-5.9792333;348.3125245794836;
1750026568;348.2874;-19.834518;-5.837209;348.9005650145246;
1750026591;348.26413;-19.788603;-5.7328477;348.8729831006525;
1750026591;348.86105;-19.754145;-5.676528;349.4659980991341;
1750026603;348.84265;-19.736238;-5.673308;349.4465637900769;
1750026608;349.45483;-19.742615;-5.7108073;350.0586595877117;
1750026623;350.22098;-19.849094;-5.9190006;350.8329437153336;
1750026632;350.22098;-19.849094;-5.9190006;350.8329437153336;
1750026644;351.04642;-20.020071;-6.2249174;351.6719208229152;
1750026651;351.03876;-20.097427;-6.3817654;351.6714982191931;
1750026669;351.92102;-20.154877;-6.527641;352.5581282924613;
1750026698;351.92102;-20.154877;-6.527641;352.5581282924613;
1750026700;352.75656;-20.198921;-6.7211776;353.3983052752499;
1750026705;352.75656;-20.198921;-6.7211776;353.3983052752499;
1750026707;353.56967;-20.092564;-6.7304387;354.2040691685575;
1750026730;353.52237;-20.01055;-6.6538444;354.15076082544863;
1750026741;354.38718;-19.911432;-6.540706;355.00636170252847;
1750026750;354.3373;-19.82308;-6.3991117;354.9490568418906;
1750026753;355.1543;-19.756224;-6.246574;355.75820812542725;
1750026754;355.0795;-19.706062;-6.092976;355.6780895083504;
1750026760;355.86133;-19.663126;-5.951048;356.4538376139827;
1750026769;355.77396;-19.618227;-5.820599;356.36198195792485;
1750026780;356.52435;-19.573309;-5.698512;357.10670921239534;
1750026787;356.43597;-19.522099;-5.588564;357.01393253735233;
1750026798;357.18735;-19.458982;-5.497079;357.75923611607766;
1750026808;357.11005;-19.370594;-5.403872;357.6758406377574;
1750026818;357.83884;-19.26261;-5.3151393;358.3963334899548;
1750026828;357.7868;-19.144333;-5.2370124;358.3368932156787;
1750026839;358.51923;-19.023796;-5.184635;359.06102646204255;
1750026848;358.47467;-18.90874;-5.1424465;359.0098529230534;
1750026859;359.09488;-18.806494;-5.097212;359.6231333049445;
1750026867;359.04562;-18.723885;-5.0470896;359.56893208690786;
1750026879;359.57895;-18.66521;-4.988862;360.09762479289174;
1750026889;359.5502;-18.62254;-4.9396195;360.0660302745771;
1750026898;0.052737944;-18.594471;-4.890501;19.22691167306488;
1750026912;0.0430247;-18.575224;-4.8220925;19.190971088046954;
1750026918;0.5578374;-18.56829;-4.7367444;19.171055006171187;
1750026927;0.56499547;-18.580723;-4.6486425;19.16174202523981;
1750026938;1.1191674;-18.614946;-4.5663023;19.19947605144833;
1750026948;1.1290963;-18.666967;-4.4864345;19.23170882058821;
1750026959;1.6747503;-18.715792;-4.421747;19.30382076357979;
1750026967;1.6790794;-18.770748;-4.3676996;19.345208537271855;
1750026979;2.1245458;-18.844536;-4.3405538;19.454321689973867;
1750026987;2.1360693;-18.922783;-4.344372;19.532231591570874;
1750026998;2.6400435;-19.01315;-4.3827615;19.689547295008442;
1750027008;2.6503232;-19.106665;-4.4343514;19.792734017352878;
1750027018;3.1846695;-19.188658;-4.488877;19.962382662043726;
1750027027;3.1866424;-19.250591;-4.541306;20.034056372862345;
1750027038;3.6600342;-19.299519;-4.5869327;20.171941379964554;
1750027047;3.6679316;-19.345621;-4.629404;20.227163914467248;
1750027058;4.080955;-19.37631;-4.6713657;20.344956488626053;
1750027069;4.0823164;-19.386698;-4.696229;20.36084291510421;
1750027078;4.4557204;-19.39235;-4.7052307;20.446414104508325;
1750027087;4.457667;-19.391304;-4.714155;20.44790269506964;
1750027098;4.8018107;-19.403625;-4.7373123;20.54264336626956;
1750027107;4.8118505;-19.43577;-4.776441;20.58439826895856;
1750027120;5.1397567;-19.469322;-4.826774;20.706746587517173;
1750027132;5.1481795;-19.505995;-4.8800044;20.755770968521055;
1750027139;5.4690804;-19.539804;-4.932182;20.88159995988343;
1750027163;5.4848623;-19.583916;-4.9927597;20.941373373640392;
1750027182;5.4848623;-19.583916;-4.9927597;20.941373373640392;
1750027191;5.7765765;-19.636545;-5.0504684;21.082456556302983;
1750027200;5.7765765;-19.636545;-5.0504684;21.082456556302983;
1750027205;6.0611143;-19.710854;-5.1662393;21.258995355438827;
1750027206;6.0641923;-19.729677;-5.2002454;21.28560881527123;
1750027208;6.3002715;-19.748848;-5.2289968;21.378793791206714;
1750027210;6.2976413;-19.775738;-5.253456;21.408850760066045;
1750027219;6.5118837;-19.81954;-5.2778373;21.519162689534305;
1750027233;6.515802;-19.868717;-5.320132;21.57603762390529;
1750027239;6.7385406;-19.925528;-5.3806973;21.711436664385335;
1750027250;6.745885;-20.000906;-5.4537835;21.801076993186257;
1750027259;6.9509435;-20.08248;-5.502297;21.952149519142306;
1750027269;6.935917;-20.158453;-5.539401;22.02623740337738;
1750027284;7.0635333;-20.222023;-5.5536513;22.128415228408368;
1750027289;7.0395794;-20.273966;-5.546924;22.16659053259772;
1750027301;7.1141157;-20.318874;-5.5207677;22.224899853589825;
1750027309;7.084479;-20.355553;-5.480951;22.239136388645225;
1750027319;7.15759;-20.384027;-5.4415364;22.278913536909602;
1750027339;7.13437;-20.410858;-5.410937;22.28857557490398;
1750027345;7.1810603;-20.44039;-5.387399;22.32490147113357;
1750027351;7.1810603;-20.44039;-5.387399;22.32490147113357;
1750027356;7.162047;-20.473814;-5.3657866;22.344208229408594;
1750027360;7.190212;-20.508976;-5.343852;22.38021438360429;
1750027372;7.1824265;-20.550589;-5.327373;22.411935330342004;
1750027384;7.1843987;-20.600391;-5.321156;22.45676759367269;
1750027389;7.1857486;-20.656765;-5.3235226;22.509482773988836;
1750027406;7.1674547;-20.718279;-5.3300033;22.561658225338736;
1750027409;7.1731563;-20.783537;-5.3358407;22.624782281387095;
1750027424;7.13792;-20.851324;-5.3413553;22.677250564877763;
1750027435;7.14198;-20.918085;-5.346762;22.74119677495401;
1750027438;7.14198;-20.918085;-5.346762;22.74119677495401;
1750027441;7.1030436;-20.981892;-5.3549848;22.789665772114667;
1750027449;7.104994;-21.042547;-5.3646927;22.848406040201702;
1750027459;7.058284;-21.094563;-5.373559;22.88394797546846;
1750027469;7.050647;-21.135334;-5.379366;22.92054845933514;
1750027482;7.0056386;-21.163393;-5.3782816;22.932380801566673;
1750027490;6.9938664;-21.171919;-5.373503;22.93553690576709;
1750027500;6.9485426;-21.164093;-5.3680506;22.913250411682824;
1750027508;6.936364;-21.143131;-5.363609;22.88915566427361;
1750027521;6.893046;-21.108324;-5.3568234;22.84230687699063;
1750027530;6.8863187;-21.10203;-5.371859;22.837992832494578;
1750027539;6.8077235;-21.128172;-5.4462166;22.85620316982022;
1750027551;6.7884817;-21.146559;-5.5941525;22.903165131845363;
1750027559;6.697598;-21.162298;-5.7212253;22.922327595938466;
1750027568;6.6796656;-21.172781;-5.811828;22.94955191785459;
1750027578;6.6234546;-21.179886;-5.866388;22.953697349474698;
1750027587;6.6194696;-21.188614;-5.8612103;22.959279686432915;
1750027600;6.493347;-21.184513;-5.773997;22.89729660425702;
1750027609;6.472532;-21.161343;-5.626945;22.8332783367831;
1750027619;6.3235884;-21.135618;-5.4590535;22.72671098721079;
1750027627;6.326254;-21.120396;-5.3141685;22.67891063288321;
1750027640;6.2198935;-21.124126;-5.21053;22.62886238970052;
1750027649;6.2345476;-21.156706;-5.155916;22.650811434935417;
1750027660;6.1486144;-21.224201;-5.1557803;22.690399874422074;
1750027672;6.1727567;-21.316334;-5.1973386;22.792572006754547;
1750027679;6.085162;-21.424467;-5.263476;22.885392000069825;
1750027690;6.11164;-21.526299;-5.334229;23.00407942616962;
1750027706;6.028811;-21.619555;-5.3943095;23.083549870877473;
1750027709;6.0485997;-21.690186;-5.4221992;23.161389257326984;
1750027719;5.9526362;-21.732328;-5.4169426;23.17479759685984;
1750027728;5.975809;-21.743942;-5.3946347;23.186448697622897;
1750027740;5.8941727;-21.736547;-5.363067;23.15126900672694;
1750027752;5.912707;-21.71953;-5.3356385;23.13367953383291;
1750027762;5.845133;-21.705564;-5.3240294;23.100701234556492;
1750027766;5.845133;-21.705564;-5.3240294;23.100701234556492;
1750027770;5.8561797;-21.696074;-5.3388376;23.09800066513664;
1750027779;5.778635;-21.690504;-5.371159;23.080726582323187;
1750027792;5.777399;-21.687756;-5.4141808;23.08788503720766;
1750027803;5.7228985;-21.682896;-5.4579673;23.08005498507081;
1750027809;5.71305;-21.668236;-5.4925694;23.072054523191525;
1750027819;5.605372;-21.644722;-5.513117;23.028431161856364;
1750027828;5.586953;-21.612919;-5.519058;22.995484572962773;
1750027840;5.4669104;-21.572163;-5.5234404;22.929319719236414;
1750027851;5.4499445;-21.519201;-5.5252523;22.87588975600828;
1750027860;5.331533;-21.45277;-5.530908;22.786784301981484;
1750027869;5.3237734;-21.37979;-5.5435815;22.719358518409898;
1750027879;5.204041;-21.306026;-5.5671906;22.62791236360911;
1750027888;5.1985073;-21.241402;-5.5979857;22.573415063816725;
1750027900;5.1122375;-21.247028;-5.7410026;22.5949174796366;
1750027910;4.9872117;-21.267672;-5.929918;22.635150993425952;
1750027920;4.9858756;-21.304205;-6.106056;22.715898093719183;
1750027928;4.9858756;-21.304205;-6.106056;22.715898093719183;
1750027939;4.8844457;-21.383623;-6.314467;22.825197485547463;
1750027947;4.8844457;-21.383623;-6.314467;22.825197485547463;
1750027962;4.752818;-21.413963;-6.202589;22.795157724407893;
1750027963;4.752818;-21.413963;-6.202589;22.795157724407893;
1750027971;4.5834103;-21.396933;-6.030711;22.69814643699704;
1750027979;4.5868006;-21.378191;-5.8424425;22.631834309581638;
1750027988;4.4291706;-21.374008;-5.6823335;22.555591137461764;
1750027998;4.448644;-21.392809;-5.5779824;22.551199437132244;
1750028010;4.3283744;-21.439463;-5.5404544;22.56284598338638;
1750028020;4.360472;-21.512573;-5.562931;22.643999808219284;
1750028030;4.265204;-21.621948;-5.635439;22.747720377155684;
1750028041;4.3151355;-21.734423;-5.7425685;22.89066658033011;
1750028048;4.190561;-21.840805;-5.853802;22.99670771232927;
1750028061;4.2340236;-21.923883;-5.9419823;23.106076557829486;
1750028075;4.1224957;-21.98412;-6.0018296;23.15854994807757;
1750028076;4.1224957;-21.98412;-6.0018296;23.15854994807757;
1750028079;4.1505504;-22.021631;-6.0365343;23.208167900811944;
1750028090;4.0303173;-22.040405;-6.0507574;23.2085024812197;
1750028098;4.0489335;-22.042303;-6.053121;23.21416082418119;
1750028109;3.929396;-22.030064;-6.05052;23.181299517876433;
1750028120;3.934107;-22.005058;-6.041872;23.156079250272143;
1750028128;3.8166573;-21.96909;-6.027199;23.098374229960804;
1750028139;3.805205;-21.927237;-6.011535;23.05258866165975;
1750028151;3.70095;-21.883863;-6.001699;22.99175722321181;
1750028159;3.6819673;-21.843502;-6.0001874;22.949895713647997;
1750028169;3.546328;-21.810501;-6.010436;22.899776037018896;
1750028180;3.524283;-21.778929;-6.034503;22.87263723818813;
1750028190;3.4129598;-21.750685;-6.063319;22.83647129194856;
1750028198;3.3879752;-21.721003;-6.0957465;22.813120231366643;
1750028210;3.2797923;-21.684223;-6.127933;22.770905459764567;
1750028219;3.2534244;-21.63846;-6.16038;22.73231199810399;
1750028229;3.122247;-21.580221;-6.1890955;22.666258519930892;
1750028239;3.0955238;-21.510832;-6.208943;22.601971722934387;
1750028248;2.9566612;-21.444288;-6.216492;22.522080704988504;
1750028259;2.949833;-21.432405;-6.247304;22.51839970655172;
1750028270;2.8260272;-21.458233;-6.3779244;22.56369003484895;
1750028278;2.8235602;-21.46654;-6.5792985;22.629007362205545;
1750028291;2.6783793;-21.461788;-6.7231245;22.649116330067237;
1750028299;2.6603312;-21.452488;-6.804345;22.66242957122207;
1750028308;2.5407033;-21.43448;-6.8256636;22.638061264932254;
1750028320;2.5375516;-21.400583;-6.744935;22.581370222948316;
1750028330;2.3550553;-21.35082;-6.5731635;22.463532712573038;
1750028338;2.34738;-21.30515;-6.359955;22.357741282252395;
1750028348;2.1934047;-21.283892;-6.15965;22.26558679403035;
1750028359;2.2018209;-21.293821;-5.9986515;22.23192888549737;
1750028368;2.0465462;-21.340258;-5.893197;22.233414478159187;
1750028378;2.0702055;-21.428387;-5.86266;22.312155613803057;
1750028393;1.9633079;-21.548471;-5.8996005;22.427583145268613;
1750028399;1.9984242;-21.686193;-5.9844007;22.58534344553594;
1750028410;1.9100219;-21.803883;-6.079791;22.71610308771014;
1750028419;1.9441211;-21.89621;-6.1574593;22.828445225792553;
1750028429;1.8691247;-21.952671;-6.2006083;22.888008562311587;
1750028439;1.9019631;-21.975378;-6.206944;22.914206449645388;
1750028449;1.8455752;-21.97385;-6.187396;22.90284070943935;
1750028459;1.8717566;-21.94961;-6.1602883;22.874396022936615;
1750028468;1.8260763;-21.919695;-6.140668;22.83671126758081;
1750028479;1.8417424;-21.893133;-6.137148;22.811529522500365;
1750028499;1.7946424;-21.867819;-6.151001;22.787212532864125;
1750028501;1.7946424;-21.867819;-6.151001;22.787212532864125;
1750028502;1.7983028;-21.837412;-6.1791806;22.76595536432022;
1750028512;1.7953827;-21.802828;-6.214981;22.74231058173677;
1750028519;1.7884601;-21.767412;-6.2502117;22.717481581548377;
1750028528;1.752773;-21.731865;-6.2840934;22.689997714008495;
1750028540;1.730454;-21.695574;-6.3123426;22.661378232406157;
1750028548;1.7000066;-21.64645;-6.332306;22.617624102047984;
1750028559;1.681419;-21.636932;-6.3673882;22.6169769316324;
1750028569;1.6643306;-21.660843;-6.46232;22.665473503794622;
1750028578;1.6326107;-21.652983;-6.620824;22.70137411111176;
1750028589;1.5879365;-21.628193;-6.7178907;22.703090683203403;
1750028598;1.5345857;-21.582634;-6.737004;22.661691524162173;
1750028608;1.5031828;-21.527939;-6.699094;22.59622904924504;
1750028618;1.4956628;-21.475199;-6.575299;22.509014250568686;
1750028629;1.3944085;-21.421104;-6.387443;22.396596146130072;
1750028640;1.3782934;-21.37878;-6.1773324;22.295994666602326;
1750028648;1.2965893;-21.365412;-5.9942746;22.228209362855004;
1750028659;1.3037753;-21.388296;-5.858011;22.2143046584549;
1750028668;1.2567292;-21.43848;-5.7829065;22.240274666477305;
1750028679;1.2864914;-21.528437;-5.778762;22.327622664337504;
1750028692;1.2630944;-21.636557;-5.8256626;22.442690012767397;
1750028700;1.3003488;-21.753098;-5.902109;22.577047007934237;
1750028708;1.2716393;-21.842285;-5.9787564;22.68144651248046;
1750028719;1.3100066;-21.909943;-6.029079;22.76206265626765;
1750028730;1.2941577;-21.949507;-6.0310183;22.799755974013173;
1750028743;1.3354548;-21.975712;-5.9984646;22.818784521884652;
1750028750;1.2940197;-22.000359;-5.953551;22.82838215931742;
1750028760;1.3389472;-22.031168;-5.925595;22.853398348934444;
1750028769;1.3076491;-22.06641;-5.9122796;22.88212073963237;
1750028779;1.3222688;-22.096663;-5.9120793;22.912083526655536;
1750028788;1.257803;-22.118849;-5.9159365;22.930849196622685;
1750028799;1.2534361;-22.124651;-5.924623;22.938448939679887;
1750028811;1.2131692;-22.115183;-5.9317193;22.9289857408775;
1750028819;1.1901152;-22.090021;-5.930062;22.90307929191331;
1750028829;1.1060488;-22.053572;-5.9186306;22.86074270337364;
1750028840;1.0679477;-22.008053;-5.894905;22.808875632077726;
1750028849;0.98732275;-21.956245;-5.8595986;22.746129680399527;
1750028861;0.947083;-21.905138;-5.812787;22.683045012717784;
1750028870;0.8473511;-21.86412;-5.757495;22.625351183653937;
1750028880;0.8178206;-21.83376;-5.7065115;22.581987280409354;
1750028888;0.7594782;-21.810162;-5.665955;22.546906718623;
1750028899;0.74532205;-21.79284;-5.6378665;22.52263034076266;
1750028908;0.6905567;-21.77932;-5.6167855;22.50253135889375;
1750028919;0.6898398;-21.773268;-5.604208;22.493514942847423;
1750028929;0.63881636;-21.772078;-5.6039343;22.490787606021925;
1750028939;0.64949167;-21.770416;-5.6113644;22.49133774550801;
1750028949;0.6125357;-21.771843;-5.620433;22.493946100886404;
1750028959;0.63537323;-21.777313;-5.631997;22.502765656695356;
1750028969;0.6426811;-21.791584;-5.6521063;22.521822269978205;
1750028979;0.67198473;-21.80763;-5.6788697;22.54493012959773;
1750028990;0.63173586;-21.826063;-5.698767;22.566614068685162;
1750028999;0.6469731;-21.848713;-5.716369;22.593399628011742;
1750029009;0.614147;-21.87159;-5.7370763;22.61985090803274;
1750029019;0.62887985;-21.902353;-5.7643747;22.656932392074882;
1750029029;0.60510683;-21.931973;-5.800351;22.69408833944588;
1750029039;0.5850174;-21.93935;-5.829564;22.70817357071059;
1750029051;0.52686626;-21.879786;-5.8391557;22.651674159199725;
1750029061;0.52686626;-21.879786;-5.8391557;22.651674159199725;
1750029069;0.49001828;-21.818682;-5.834258;22.590563452820017;
1750029079;0.44687027;-21.740114;-5.824699;22.511316633092857;
1750029089;0.37027112;-21.654785;-5.8079543;22.423183407938026;
1750029100;0.29707706;-21.508379;-5.7642555;22.26937949244342;
1750029109;0.27468136;-21.467201;-5.75275;22.226342710044367;
1750029119;0.27930695;-21.457598;-5.748196;22.21594633399161;
1750029128;0.27930695;-21.457598;-5.748196;22.21594633399161;
1750029140;0.22292043;-21.513388;-5.727318;22.263820702858045;
1750029157;0.22292043;-21.513388;-5.727318;22.263820702858045;
1750029161;0.19966044;-21.591398;-5.6784678;22.326516481628172;
1750029170;0.18921606;-21.624702;-5.6557527;22.35287670667043;
1750029180;0.19013026;-21.650902;-5.635331;22.373078805633913;
1750029190;0.18585187;-21.668545;-5.61977;22.38620532275042;
1750029201;0.19622809;-21.68166;-5.61434;22.397626759388068;
1750029209;0.19973372;-21.688416;-5.6233277;22.406451669726117;
1750029225;0.21176451;-21.685472;-5.6362767;22.406967142862516;
1750029235;0.22074117;-21.671331;-5.652675;22.39750137689971;
1750029244;0.230943;-21.64914;-5.6751685;22.381825423286543;
1750029254;0.2411136;-21.619017;-5.7011576;22.359409969947375;
1750029264;0.25354806;-21.582472;-5.7287555;22.331278891907925;
1750029272;0.25692528;-21.549175;-5.7519717;22.305114744840274;
1750029284;0.280624;-21.52267;-5.77249;22.285101456995726;
1750029295;0.27443027;-21.501354;-5.7892513;22.26878928223561;
1750029304;0.30711195;-21.493372;-5.8039117;22.265326114133032;
1750029309;0.29222757;-21.510592;-5.8325477;22.28922511416695;
1750029320;0.29698488;-21.534338;-5.844054;22.315216395061096;
1750029328;0.2736371;-21.542906;-5.807834;22.31373131909873;
1750029339;0.28774697;-21.53137;-5.7396345;22.285109462678932;
1750029349;0.26860526;-21.520449;-5.6534886;22.25227615626873;
1750029358;0.2674897;-21.524498;-5.564579;22.233760452102526;
1750029367;0.25927368;-21.55384;-5.495108;22.244807987218135;
1750029378;0.2698963;-21.61188;-5.463918;22.29350971006209;
1750029387;0.27879307;-21.68768;-5.459899;22.366127405590404;
1750029398;0.31972164;-21.767967;-5.4709477;22.447224509896692;
1750029409;0.33775613;-21.831623;-5.4858007;22.512837564104984;
1750029419;0.37512353;-21.873348;-5.499614;22.557256753655313;
1750029427;0.40078068;-21.883018;-5.5049987;22.568387936564932;
1750029438;0.46605614;-21.87016;-5.5099506;22.558382600825592;
1750029448;0.49625966;-21.84893;-5.52119;22.54119722489291;
1750029459;0.56447846;-21.83094;-5.5430155;22.530725878013843;
1750029469;0.5917938;-21.821438;-5.578876;22.531072471586512;
1750029479;0.624706;-21.819244;-5.620766;22.54024612396966;
1750029488;0.6420081;-21.81906;-5.6563835;22.5494612080244;
1750029499;0.67060167;-21.818766;-5.678114;22.555469814321974;
1750029509;0.6758105;-21.81934;-5.68113;22.556940049218607;
1750029520;0.68940014;-21.815163;-5.6712427;22.55082234184851;
1750029530;0.682804;-21.808228;-5.6538715;22.539549086675393;
1750029540;0.69474554;-21.799679;-5.633837;22.526624006135698;
1750029549;0.68289244;-21.794743;-5.6153717;22.516872468773435;
1750029559;0.69972056;-21.791807;-5.599563;22.5106102973179;
1750029568;0.6863583;-21.788107;-5.5870476;22.503506202153115;
1750029580;0.7069802;-21.781761;-5.575665;22.49517683516898;
1750029590;0.6981448;-21.774223;-5.56782;22.485658274344768;
1750029600;0.7160083;-21.770464;-5.5602937;22.480716935951612;
1750029609;0.71279246;-21.765686;-5.5526505;22.474098173338614;
1750029619;0.712479;-21.764172;-5.5415325;22.469877044592405;
1750029628;0.7121365;-21.76733;-5.533434;22.470929931871122;
1750029661;0.7163231;-21.77251;-5.5309453;22.47546861338685;
1750029675;0.7163231;-21.77251;-5.5309453;22.47546861338685;
1750029678;0.718838;-21.776827;-5.530461;22.479611053226623;
1750029696;0.71544856;-21.778854;-5.5252724;22.48019125964627;
1750029697;0.72331864;-21.780231;-5.5197825;22.480428650596252;
