1750037100;344.7523;-22.907343;-11.711178;345.7109178067702;
1750037110;344.51697;-22.939297;-11.855722;345.4832999903142;
1750037119;344.51508;-22.910954;-11.908322;345.4813414721039;
1750037130;344.24;-22.810028;-11.843634;345.1981169060382;
1750037142;344.2174;-22.655424;-11.6573925;345.1590741668068;
1750037150;343.57773;-22.472229;-11.384007;344.5000029989968;
1750037158;343.54184;-22.271284;-11.074636;344.44107365963856;
1750037170;342.78622;-22.084106;-10.774193;343.6658065661596;
1750037179;342.7584;-21.936445;-10.519566;343.6206984525502;
1750037189;342.23456;-21.833076;-10.318226;343.0854729874299;
1750037199;342.22437;-21.769878;-10.178687;343.0671208904553;
1750037211;341.87524;-21.741398;-10.086886;342.7143361669945;
1750037223;341.8702;-21.735462;-10.029271;342.7072456484739;
1750037230;341.6455;-21.744238;-9.998266;342.4827444086944;
1750037239;341.64526;-21.75933;-9.987891;342.4831567167338;
1750037249;341.52975;-21.78057;-10.0001545;342.3696388156782;
1750037259;341.53638;-21.814157;-10.033704;342.3793648295939;
1750037270;341.50684;-21.862057;-10.085019;342.35445977390964;
1750037279;341.51468;-21.916515;-10.150547;342.36770173579623;
1750037291;341.5526;-21.969585;-10.227494;342.41123126155054;
1750037300;341.56342;-22.02728;-10.306352;342.42807830411834;
1750037309;341.63217;-22.081768;-10.372564;342.50216826071784;
1750037320;341.64316;-22.114925;-10.414386;342.51653498254643;
1750037329;341.6926;-22.12477;-10.426941;342.5668649598267;
1750037338;341.70114;-22.116844;-10.418465;342.57461845152875;
1750037349;341.759;-22.102755;-10.403526;342.6309691735646;
1750037359;341.7617;-22.09609;-10.38795;342.6327454502731;
1750037368;341.8531;-22.097324;-10.384598;342.7238912734067;
1750037379;341.85492;-22.109837;-10.396279;342.7268787802948;
1750037389;342.00137;-22.133951;-10.421681;342.875287198398;
1750037407;342.0034;-22.165215;-10.4579115;342.88041891653603;
1750037411;342.19543;-22.201876;-10.494559;343.07546472958416;
1750037420;342.19785;-22.246187;-10.529209;343.0818015097958;
1750037428;342.4113;-22.282917;-10.555196;343.29787199914654;
1750037442;342.41562;-22.302006;-10.567511;343.30381268770407;
1750037457;342.6185;-22.311432;-10.554136;343.506369897622;
1750037466;342.6199;-22.31008;-10.516214;343.50651920135454;
1750037468;342.8095;-22.297709;-10.459395;343.6930991570016;
1750037478;342.8056;-22.274319;-10.385928;343.6854582956488;
1750037488;342.9916;-22.252092;-10.320734;343.8675851175502;
1750037499;342.98297;-22.248837;-10.291981;343.8578981516678;
1750037510;343.22806;-22.272581;-10.313085;344.1045295926098;
1750037519;343.22;-22.333267;-10.382708;344.10252059425346;
1750037528;343.48663;-22.427414;-10.510305;344.37845849016173;
1750037538;343.48068;-22.54266;-10.696523;344.38578116790904;
1750037548;343.78583;-22.671597;-10.917671;344.7055150667907;
1750037558;343.77942;-22.807222;-11.168167;344.716095126317;
1750037569;344.06198;-22.944658;-11.427622;345.0154993512401;
1750037578;344.0525;-23.087786;-11.697272;345.0246195059747;
1750037589;344.262;-23.21454;-11.945965;345.25054825514616;
1750037598;344.2308;-23.320518;-12.135464;345.2332005907072;
1750037608;344.41208;-23.39152;-12.256263;345.4230149062152;
1750037618;344.39252;-23.407278;-12.297168;345.40603183653275;
1750037632;344.50522;-23.36926;-12.233335;345.5135632671251;
1750037639;344.52164;-23.186232;-11.766487;345.5013891306245;
1750037647;344.52164;-23.186232;-11.766487;345.5013891306245;
1750037659;344.40747;-22.927582;-11.109625;345.3485248952394;
1750037667;344.40747;-22.927582;-11.109625;345.3485248952394;
1750037679;344.25043;-22.772242;-10.606431;345.1657978783174;
1750037688;344.21814;-22.786354;-10.528529;345.13214211520227;
1750037698;344.12857;-22.869684;-10.603441;345.05061729512425;
1750037708;344.13492;-23.023436;-10.844968;345.0746786528651;
1750037719;343.952;-23.234001;-11.2582;344.9196157354884;
1750037735;344.0009;-23.503206;-11.828509;345.0056857859927;
1750037742;343.7479;-23.796436;-12.500028;344.79723882201176;
1750037753;343.8347;-24.064226;-13.171223;344.92732506438216;
1750037758;343.42227;-24.276;-13.731187;344.5529369237081;
1750037768;343.49963;-24.402082;-14.110402;344.65426660410657;
1750037781;343.17264;-24.432907;-14.265637;344.3369494989817;
1750037783;343.17264;-24.432907;-14.265637;344.3369494989817;
1750037788;343.2026;-24.372768;-14.212514;344.3603581931127;
1750037800;342.3998;-24.220499;-13.9661;343.53939358584273;
1750037808;342.38733;-24.002237;-13.554763;343.49515589207465;
1750037821;341.32278;-23.751816;-13.045559;342.39681442475325;
1750037829;341.31384;-23.502747;-12.533496;342.3515837340626;
1750037838;340.22647;-23.29816;-12.098559;341.2377923932871;
1750037847;340.23618;-23.161562;-11.804557;341.227872043252;
1750037858;339.5166;-23.107155;-11.662229;340.5017928252177;
1750037868;339.55804;-23.120146;-11.647363;340.5434887636978;
1750037878;339.04837;-23.170347;-11.696418;340.04039263627135;
1750037887;339.08926;-23.216763;-11.767216;340.0867747091582;
1750037898;338.71738;-23.232397;-11.816987;339.71877596229837;
1750037907;338.74884;-23.224726;-11.829675;339.75006389288;
1750037919;338.48544;-23.180445;-11.821534;339.4841334849594;
1750037927;338.51852;-23.127754;-11.802592;339.51286486010457;
1750037938;338.30246;-23.084356;-11.763559;339.293122660876;
1750037948;338.33307;-23.03408;-11.693773;339.31781367013855;
1750037958;338.07147;-22.971794;-11.580017;339.04884665059274;
1750037967;338.09122;-22.8934;-11.426087;339.0580102068687;
1750037978;337.83716;-22.809185;-11.256619;338.7933232310337;
1750037987;337.84897;-22.738993;-11.110749;338.7955667623983;
1750037998;337.59592;-22.700272;-11.016947;338.53755840761835;
1750038007;337.61346;-22.693829;-10.978195;338.55336645717233;
1750038019;337.40625;-22.708204;-10.967773;338.3473542594652;
1750038029;337.41086;-22.709923;-10.924977;338.35068039333396;
1750038039;337.18106;-22.670506;-10.811879;338.1152411645791;
1750038052;337.1664;-22.569366;-10.608924;338.08743719354044;
1750038066;336.75513;-22.402905;-10.325617;337.65740629042483;
1750038071;336.7336;-22.184254;-9.9851;337.6112688005356;
1750038081;336.44308;-21.92859;-9.60169;337.29364773677725;
1750038093;336.41333;-21.663572;-9.183163;337.23518425057796;
1750038103;336.49927;-21.414934;-8.765329;337.2939185405306;
1750038105;336.49927;-21.414934;-8.765329;337.2939185405306;
1750038112;336.4597;-21.19512;-8.381881;337.2307956311626;
1750038119;336.96133;-21.02097;-8.064538;337.7126866026493;
1750038128;336.93307;-20.89979;-7.8319883;337.6714945793262;
1750038140;337.43768;-20.837687;-7.694062;338.1680022614744;
1750038148;337.4229;-20.82913;-7.6420903;338.1515579649251;
1750038163;337.95313;-20.861708;-7.644593;338.68269123679164;
1750038164;337.95313;-20.861708;-7.644593;338.68269123679164;
1750038177;337.9387;-20.916306;-7.6799664;338.67245539978313;
1750038189;338.62097;-20.974815;-7.7295237;339.3579981038254;
1750038196;338.6065;-21.03112;-7.7801967;339.3482070414158;
1750038201;339.31857;-21.078112;-7.8231144;340.06261466226994;
1750038210;339.30307;-21.115248;-7.8459005;340.0499745619417;
1750038219;340.05762;-21.136435;-7.8523903;340.80433082077457;
1750038231;340.04095;-21.14549;-7.8437304;340.78806710390364;
1750038240;340.81772;-21.146479;-7.8216844;341.5626875892541;
1750038251;340.80157;-21.139706;-7.793876;341.5455240284492;
1750038259;341.56448;-21.129017;-7.7660704;342.3054829959708;
1750038268;341.54755;-21.123693;-7.7500567;342.2878908871457;
1750038281;342.31046;-21.127533;-7.7437835;343.04924814720334;
1750038282;342.31046;-21.127533;-7.7437835;343.04924814720334;
1750038289;342.28928;-21.142597;-7.753516;343.029262568891;
1750038300;343.04242;-21.172222;-7.7828946;343.7832718001601;
1750038309;343.02106;-21.214588;-7.828866;343.76561132227624;
1750038322;343.95404;-21.26785;-7.884253;344.7011240505698;
1750038329;343.9403;-21.312624;-7.940476;344.69147698018827;
1750038342;344.81653;-21.337957;-7.989203;345.56847945423624;
1750038350;344.80655;-21.346764;-8.027057;345.5599430474415;
1750038359;345.64508;-21.345036;-8.052588;346.3971368869366;
1750038368;345.6273;-21.337822;-8.070174;346.3793485960758;
1750038379;346.4458;-21.326561;-8.088248;347.19581627914886;
1750038393;346.42715;-21.317997;-8.116852;347.1773519137187;
1750038399;347.23755;-21.314882;-8.146555;347.98650243969405;
1750038409;347.21625;-21.321592;-8.177892;347.9663931780847;
1750038418;348.00464;-21.334719;-8.210193;348.7546501814409;
1750038427;347.98877;-21.347183;-8.246032;348.7404235121443;
1750038439;348.7339;-21.354874;-8.282532;349.4852710871771;
1750038448;348.7211;-21.360912;-8.318804;349.47374229656634;
1750038458;349.40973;-21.362593;-8.347212;350.161669853786;
1750038468;349.394;-21.361591;-8.369415;350.14645597728327;
1750038479;350.0351;-21.361311;-8.388986;350.7866140090167;
1750038488;350.01886;-21.363783;-8.413799;350.7711583033492;
1750038498;350.6245;-21.372124;-8.446884;351.3768144630109;
1750038507;350.60703;-21.39418;-8.482731;351.3615712561928;
1750038519;351.1616;-21.41928;-8.526982;351.917543808714;
1750038531;351.14975;-21.44052;-8.575798;351.9082081094414;
1750038541;351.65768;-21.454939;-8.621239;352.41703577611827;
1750038547;351.65167;-21.467127;-8.661548;352.4127673890505;
1750038558;352.13614;-21.474552;-8.693421;352.89742460937094;
1750038567;352.12656;-21.470108;-8.709181;352.88798093633744;
1750038579;352.56277;-21.463436;-8.723613;353.3232098024198;
1750038591;352.94766;-21.461914;-8.760641;353.7080928512744;
1750038598;352.94568;-21.468111;-8.779213;353.7069500198204;
1750038609;353.28653;-21.475779;-8.799681;354.0480410923563;
1750038618;353.2916;-21.487137;-8.824923;354.05441351547904;
1750038627;353.2916;-21.487137;-8.824923;354.05441351547904;
1750038639;353.59323;-21.521112;-8.875105;354.35871503193965;
1750038648;353.84592;-21.534647;-8.898672;354.6122673926725;
1750038658;353.85657;-21.544947;-8.922348;354.6241155099536;
1750038667;353.85657;-21.544947;-8.922348;354.6241155099536;
1750038679;354.0702;-21.56229;-8.964037;354.83938066048023;
1750038688;354.2391;-21.567862;-8.981531;355.00871006800685;
1750038698;354.24286;-21.572159;-8.99811;355.01313650116873;
1750038708;354.3789;-21.579828;-9.0128355;355.149728124034;
1750038718;354.37973;-21.589031;-9.023218;355.15137326066156;
1750038728;354.48895;-21.596292;-9.035183;355.26110386873324;
1750038738;354.48804;-21.605019;-9.04502;355.2609712193492;
1750038747;354.56415;-21.612583;-9.048893;355.337475121737;
1750038758;354.5607;-21.61494;-9.045955;355.3341027246612;
1750038769;354.6105;-21.613232;-9.041364;355.38357825648654;
1750038778;354.60812;-21.606544;-9.037202;355.38069057437104;
1750038788;354.63144;-21.603268;-9.042252;355.4038845640328;
1750038798;354.62683;-21.597364;-9.046357;355.39903211995056;
1750038808;354.63574;-21.597677;-9.056856;355.4082102907385;
1750038818;354.63376;-21.605038;-9.076184;355.407171388259;
1750038829;354.62595;-21.62063;-9.101401;355.4009690018204;
1750038838;354.6246;-21.637579;-9.12756;355.4013314750974;
1750038848;354.59805;-21.653416;-9.148413;355.3763400140383;
1750038858;354.5964;-21.665037;-9.167228;355.3758888264157;
1750038867;354.55154;-21.675806;-9.185104;355.33224480356296;
1750038878;354.5449;-21.679522;-9.188464;355.32592013031103;
1750038888;354.4724;-21.685469;-9.193824;355.2541018687426;
1750038898;354.47617;-21.695938;-9.204509;355.2587631747436;
1750038908;354.38144;-21.705694;-9.222504;355.165308258383;
1750038918;354.38553;-21.723719;-9.244468;355.1710615904737;
1750038928;354.273;-21.737192;-9.261119;355.06005075222805;
1750038938;354.26492;-21.743662;-9.272716;355.05268034756864;
1750038949;354.1508;-21.743488;-9.275521;354.93886059723684;
1750038959;354.14127;-21.734196;-9.270223;354.9286526652396;
1750038973;354.00656;-21.718863;-9.258434;354.7930002468363;
1750038993;353.992;-21.701424;-9.239028;354.7769025760246;
1750038999;353.992;-21.701424;-9.239028;354.7769025760246;
1750039003;353.8484;-21.687326;-9.219827;354.6322426088267;
1750039005;353.83963;-21.679289;-9.21006;354.62275818317244;
1750039016;353.69482;-21.677715;-9.207373;354.4781061380598;
1750039023;353.69363;-21.68401;-9.214252;354.47748232360414;
1750039031;353.54974;-21.696835;-9.228213;354.33505864879356;
1750039039;353.55286;-21.713305;-9.239312;354.3394626388845;
1750039050;353.3933;-21.72865;-9.251028;354.18151794367697;
1750039061;353.3958;-21.741224;-9.258718;354.1849874312276;
1750039071;353.23776;-21.750359;-9.264309;354.02799654812105;
1750039079;353.2445;-21.756405;-9.26936;354.0352295889594;
1750039089;353.09668;-21.759472;-9.272627;353.8880069070011;
1750039100;353.10306;-21.759819;-9.27275;353.89439538652636;
1750039109;352.95316;-21.75962;-9.2712755;353.74477753196527;
1750039119;352.9619;-21.759726;-9.272457;353.7535538997016;
1750039132;352.81378;-21.761871;-9.277721;353.60602334103953;
1750039140;352.8217;-21.770222;-9.285005;353.61461483999886;
1750039153;352.67926;-21.779058;-9.287645;353.4731225375583;
1750039161;352.6824;-21.788176;-9.285269;353.4767582113618;
1750039170;352.54398;-21.79617;-9.279718;353.33898888032525;
1750039180;352.54688;-21.804632;-9.273185;353.34223213899395;
1750039189;352.4136;-21.810467;-9.266806;353.2094547867483;
1750039201;352.41986;-21.813616;-9.257701;353.2156525055552;
1750039208;352.2913;-21.817322;-9.2506485;353.08741585701364;
1750039219;352.301;-21.812685;-9.25375;353.09689336249545;
1750039229;352.18304;-21.812792;-9.257718;352.9793195328177;
1750039239;352.19696;-21.819267;-9.265707;352.993813969173;
1750039251;352.07425;-21.82521;-9.278188;352.87207537826924;
1750039259;352.08737;-21.830154;-9.293759;352.8858838267656;
1750039269;351.96484;-21.838326;-9.310278;352.7645744287905;
1750039282;351.97778;-21.85278;-9.330201;352.77890595820196;
1750039289;351.85742;-21.86932;-9.350147;352.66037165472187;
1750039301;351.8666;-21.885088;-9.362082;352.6708312807299;
1750039315;351.73676;-21.898306;-9.366802;352.54222139158213;
1750039321;351.74542;-21.907948;-9.364881;352.5514165435848;
1750039334;351.60544;-21.918552;-9.360115;352.41228538125654;
1750039340;351.60977;-21.928745;-9.354167;352.41708511940874;
1750039351;351.47464;-21.939445;-9.353227;352.2829042194028;
1750039360;351.47284;-21.947731;-9.358966;352.28177634340096;
1750039372;351.3484;-21.941458;-9.370604;352.15753009349845;
1750039383;351.35144;-21.92096;-9.388328;352.1597703476594;
1750039390;351.23233;-21.893341;-9.408436;352.03975189058053;
1750039403;351.23233;-21.858896;-9.431664;352.0382330141613;
1750039409;351.12097;-21.815256;-9.455057;351.92504920567256;
1750039421;351.12683;-21.761408;-9.468909;351.92793381722083;
1750039434;351.0036;-21.718666;-9.482159;351.80270004093063;
1750039439;351.0403;-21.73864;-9.557906;351.8426123834961;
1750039451;350.9213;-21.786287;-9.73696;351.7317246335565;
1750039458;350.91815;-21.827797;-9.906042;351.7358834279007;
1750039468;350.7586;-21.851782;-10.025363;351.58158075384796;
1750039480;350.75195;-21.867476;-10.084797;351.5776190754932;
1750039490;350.60498;-21.848986;-9.993595;351.42723634897163;
1750039499;350.60498;-21.848986;-9.993595;351.42723634897163;
1750039508;350.37955;-21.790785;-9.836651;351.19428389865345;
1750039520;350.18503;-21.63165;-9.449478;350.9797356653698;
1750039527;350.18503;-21.63165;-9.449478;350.9797356653698;
1750039540;350.03088;-21.573652;-9.250662;350.8170703129651;
1750039550;350.0539;-21.600075;-9.273255;350.8422512032795;
1750039559;349.88498;-21.658375;-9.351683;350.6793947046535;
1750039570;349.88498;-21.658375;-9.351683;350.6793947046535;
1750039581;349.7404;-21.805056;-9.546071;350.5494632658983;
1750039589;349.7404;-21.805056;-9.546071;350.5494632658983;
1750039604;349.58255;-21.915857;-9.605611;350.40053062209927;
1750039607;349.58255;-21.915857;-9.605611;350.40053062209927;
1750039610;349.59912;-21.941057;-9.562883;350.4174713099903;
1750039622;349.41006;-21.950493;-9.489999;350.2274654079124;
1750039628;349.42224;-21.948704;-9.410319;350.2373514628861;
1750039643;349.25385;-21.947683;-9.344648;350.0675244207802;
1750039649;349.2685;-21.95102;-9.308947;350.0813968106543;
1750039659;349.1145;-21.962797;-9.310453;349.9285419568932;
1750039670;349.1228;-21.978552;-9.341859;349.9386495633242;
1750039681;349.03552;-21.990295;-9.391119;349.8536296052102;
1750039688;349.03348;-21.997986;-9.442351;349.85345216718855;
1750039700;348.931;-21.994688;-9.480062;349.7520270977309;
1750039709;348.9148;-21.977825;-9.500643;349.73535870357006;
1750039719;348.8154;-21.942982;-9.497177;349.63391356983664;
1750039730;348.7876;-21.88987;-9.474323;349.6022275033963;
1750039740;348.71616;-21.824015;-9.444614;349.5260302422485;
1750039753;348.69067;-21.750837;-9.418384;349.49533743485244;
1750039760;348.635;-21.673079;-9.399653;349.43446574750084;
1750039771;348.61414;-21.585766;-9.381182;349.4077381749266;
1750039779;348.58356;-21.53397;-9.384922;349.37413315937044;
1750039790;348.5976;-21.571445;-9.477652;349.39295432049255;
1750039799;348.57065;-21.615414;-9.706803;349.37507770390545;
1750039808;348.5528;-21.655544;-9.917915;349.36568067157987;
1750039819;348.48672;-21.687105;-10.060504;349.30579965137986;
1750039827;348.4722;-21.705479;-10.137754;349.294682162788;
1750039839;348.4408;-21.70802;-10.122303;349.2630632697764;
1750039849;348.42932;-21.68464;-10.013573;349.2470289384257;
1750039859;348.36865;-21.63141;-9.834018;349.17809748818814;
1750039868;348.3518;-21.563293;-9.616943;349.15103095090365;
1750039879;348.32822;-21.499933;-9.401595;349.11772164553923;
1750039888;348.3409;-21.472773;-9.25261;349.12473650229254;
1750039900;348.37497;-21.48303;-9.199121;349.1579353093532;
1750039909;348.4006;-21.530174;-9.229696;349.1872230439961;
1750039920;348.48425;-21.61764;-9.320289;349.2784915507755;
1750039928;348.51654;-21.722555;-9.449537;349.32068673155214;
1750039939;348.65958;-21.816624;-9.565525;349.47240887558576;
1750039950;348.6971;-21.907148;-9.645507;349.5177185670251;
1750039966;348.76126;-21.96062;-9.663271;349.5855615434848;
1750039969;348.78888;-21.993132;-9.628834;349.61420833299275;
1750039979;348.87372;-22.00633;-9.5543785;349.69763514227594;
1750039988;348.8934;-22.01121;-9.472137;349.7153424710653;
1750039999;348.96143;-22.020506;-9.413448;349.782207056239;
1750040009;348.98233;-22.039707;-9.387309;349.8035693665326;
1750040020;349.04187;-22.070602;-9.398857;349.86522705329355;
1750040030;349.05765;-22.108122;-9.44005;349.88444523938495;
1750040039;349.11182;-22.14486;-9.498278;349.94238443934233;
1750040048;349.11682;-22.164476;-9.551688;349.95007310784916;
1750040059;349.1692;-22.163784;-9.584131;350.003159639158;
1750040068;349.15778;-22.143261;-9.591728;349.99068232243667;
1750040080;349.17957;-22.10908;-9.5775585;350.0098711908137;
1750040090;349.15408;-22.064352;-9.548024;349.98081982867916;
1750040100;349.16382;-22.010574;-9.52081;349.9864043925002;
1750040109;349.14307;-21.949146;-9.505013;349.96141376237546;
1750040120;349.1653;-21.8877;-9.504381;349.9797436143567;
1750040129;349.1453;-21.821058;-9.519416;349.95601768941674;
1750040140;349.13696;-21.744698;-9.542198;349.94357298722264;
1750040150;349.13193;-21.696321;-9.589946;349.9368517596391;
1750040163;349.1586;-21.72935;-9.726373;349.9692769255927;
1750040169;349.15985;-21.7564;-9.974487;349.9791892432163;
1750040179;349.13666;-21.7824;-10.139678;349.96241481870726;
1750040188;349.10022;-21.785439;-10.242897;349.92925811519746;
1750040199;349.0912;-21.782246;-10.268536;349.92079897734595;
1750040211;349.07562;-21.768179;-10.189863;349.90209658011696;
1750040219;349.02402;-21.73285;-10.026891;349.84370788264914;
1750040228;349.00522;-21.683802;-9.812743;349.8158368730833;
1750040239;348.94363;-21.626678;-9.578067;349.74435280347984;
1750040248;348.94772;-21.593023;-9.375603;349.74086727144527;
1750040259;348.9139;-21.595268;-9.262567;349.7042568804706;
1750040269;348.93835;-21.626986;-9.245766;349.73016158577644;
1750040279;348.89093;-21.69444;-9.307494;349.6886606253606;
1750040288;348.91934;-21.78921;-9.414934;349.7257752587439;
1750040299;348.93573;-21.88439;-9.537865;349.75139891079147;
1750040309;348.97302;-21.964203;-9.638349;349.79636129761514;
1750040322;348.9488;-22.01376;-9.687938;349.7766728098427;
1750040330;348.97705;-22.038702;-9.686451;349.8063945820319;
1750040339;348.93433;-22.036678;-9.643542;349.76245807696154;
1750040348;348.95807;-22.017052;-9.585502;349.78331324062015;
1750040359;348.93793;-21.989439;-9.5343;349.7600825886804;
1750040369;348.95767;-21.965298;-9.516936;349.7777913338611;
1750040380;348.90063;-21.947477;-9.546859;349.7205844873671;
1750040390;348.90363;-21.923769;-9.611553;349.7238531765804;
1750040400;348.8563;-21.886099;-9.684691;349.6762896523295;
1750040409;348.85324;-21.83926;-9.746303;349.6720283769821;
1750040420;348.7858;-21.780008;-9.787552;349.60219851437216;
1750040429;348.76703;-21.704147;-9.798775;349.57907028550795;
1750040440;348.69083;-21.65658;-9.80229;349.5001928057437;
1750040450;348.6724;-21.653963;-9.847965;349.482924810701;
1750040459;348.53094;-21.680523;-10.002146;349.3478316721595;
1750040468;348.53094;-21.680523;-10.002146;349.3478316721595;
1750040480;348.42694;-21.714808;-10.029497;349.24698543535084;
1750040491;348.42694;-21.714808;-10.029497;349.24698543535084;
1750040500;348.2886;-21.66412;-9.792708;349.09910256285036;
1750040510;348.17096;-21.606712;-9.614649;348.9732203339136;
1750040519;348.17096;-21.566822;-9.449998;348.9662552366331;
1750040528;348.05875;-21.55578;-9.3430605;348.85073505842854;
1750040541;348.08536;-21.580507;-9.315607;348.87808049657224;
1750040548;348.00812;-21.640282;-9.365933;348.80606713201894;
1750040559;348.03604;-21.71679;-9.45599;348.84111095843764;
1750040573;347.96378;-21.79316;-9.543015;348.77614608884113;
1750040579;348.00897;-21.85655;-9.605013;348.8269051685488;
1750040589;347.9457;-21.910065;-9.630783;348.7678590242046;
1750040599;347.98532;-21.934574;-9.615881;348.8085067363391;
1750040609;347.89777;-21.944988;-9.56341;348.7203707600693;
1750040622;347.9259;-21.954664;-9.49867;348.7472812902702;
1750040630;347.85046;-21.962572;-9.443199;348.67101083413843;
1750040639;347.86392;-21.969969;-9.401141;348.6837668952125;
1750040648;347.79987;-21.979023;-9.379776;348.6198563559884;
1750040660;347.8144;-21.994663;-9.383774;348.63544249918556;
1750040670;347.7502;-22.00728;-9.412298;348.5729806234549;
1750040679;347.7584;-22.006489;-9.447304;348.5820370251227;
1750040690;347.71396;-21.986147;-9.473549;348.5371370285397;
1750040699;347.7085;-21.943611;-9.483733;348.5292835915473;
1750040709;347.66168;-21.885218;-9.481544;348.4788481973264;
1750040720;347.64395;-21.819345;-9.468261;348.4566669687651;
1750040729;347.59952;-21.75059;-9.448095;348.40749049561583;
1750040744;347.56882;-21.688568;-9.423762;348.37233519663454;
1750040745;347.56882;-21.688568;-9.423762;348.37233519663454;
1750040750;347.5005;-21.63837;-9.394636;348.30025498508326;
1750040759;347.4703;-21.597027;-9.364435;348.26676275734815;
1750040769;347.45578;-21.565577;-9.334369;348.24951343394605;
1750040779;347.43518;-21.547623;-9.304361;348.2270465461669;
1750040794;347.42096;-21.53959;-9.276333;348.2116129676117;
1750040795;347.42096;-21.53959;-9.276333;348.2116129676117;
1750040799;347.42172;-21.539135;-9.248099;348.2115949830142;
1750040813;347.39743;-21.557602;-9.236108;348.1881826700312;
1750040819;347.4218;-21.585167;-9.241185;348.2143531702169;
1750040829;347.45026;-21.616806;-9.256148;348.2450907350503;
1750040840;347.4824;-21.649948;-9.279009;348.2798193444455;
1750040850;347.51508;-21.683575;-9.310249;348.31535421322843;
1750040859;347.55066;-21.713167;-9.347596;348.35369939159517;
1750040870;347.59375;-21.734928;-9.385015;348.39905372680056;
1750040880;347.62515;-21.759348;-9.42672;348.4330337053606;
1750040889;347.6394;-21.776253;-9.458805;348.4491779258355;
1750040899;347.6435;-21.783173;-9.4791;348.45424180051555;
1750040908;347.6713;-21.781507;-9.484252;348.4820147247002;
1750040919;347.66635;-21.768766;-9.4812355;348.4762041466003;
1750040931;347.69363;-21.744032;-9.471324;348.5016098218733;
1750040939;347.67676;-21.710455;-9.457235;348.4822966478417;
1750040952;347.7116;-21.672506;-9.441093;348.51426761432907;
1750040959;347.69528;-21.633234;-9.4329195;348.4953168946624;
1750040969;347.7478;-21.599468;-9.429684;348.54553543096966;
1750040980;347.73584;-21.576708;-9.429921;348.53219657005656;
1750040993;347.80612;-21.559643;-9.433556;348.60136050851133;
1750040999;347.80188;-21.543993;-9.431276;348.59609902764277;
1750041009;347.85934;-21.541275;-9.427092;348.6531516126369;
1750041020;347.86893;-21.550192;-9.424536;348.6631942400172;
1750041030;347.9204;-21.565762;-9.428253;348.7156231560777;
1750041041;347.92703;-21.585392;-9.4314995;348.7235326932404;
1750041051;347.9783;-21.605398;-9.433784;348.7759856502596;
1750041060;347.9835;-21.622072;-9.433694;348.7821926262792;
1750041070;348.02853;-21.63602;-9.432873;348.82797610294995;
1750041083;348.03235;-21.64009;-9.430876;348.83198054193645;
1750041092;348.0738;-21.639862;-9.429869;348.8732870048495;
1750041104;348.07156;-21.638237;-9.42805;348.8709143780861;
1750041118;348.10336;-21.632763;-9.426885;348.90226990239904;
1750041125;348.0962;-21.622314;-9.423467;348.89437467256676;
1750041133;348.12033;-21.608368;-9.421348;348.91753764858026;
1750041145;348.1125;-21.592817;-9.420718;348.9087328341259;
1750041154;348.12994;-21.578465;-9.417279;348.9251683129883;
1750041163;348.11963;-21.564001;-9.410673;348.91380445824257;
1750041174;348.12863;-21.552158;-9.403234;348.92185438082186;
1750041186;348.11493;-21.544327;-9.397466;348.90754407087485;
1750041195;348.1206;-21.53871;-9.389264;348.91263984753164;
1750041204;348.10593;-21.535933;-9.380777;348.8975945004596;
1750041215;348.10684;-21.52818;-9.371172;348.89777132826316;
1750041224;348.0942;-21.514832;-9.357187;348.8839669697756;
1750041236;348.08472;-21.498314;-9.341903;348.8730696326923;
1750041243;348.07413;-21.480558;-9.323937;348.86092962963727;
1750041253;348.04822;-21.463377;-9.305744;348.8335352600749;
1750041264;348.0399;-21.450289;-9.294784;348.8241254095141;
1750041270;348.01175;-21.446877;-9.291381;348.7957509771231;
1750041280;348.0057;-21.449804;-9.291215;348.78989769813904;
1750041291;347.97385;-21.456554;-9.291586;348.75853408823014;
1750041300;347.96854;-21.466063;-9.290175;348.75378350521964;
1750041310;347.933;-21.476418;-9.286147;348.7188713152607;
1750041320;347.92847;-21.484089;-9.27663;348.7145536896858;
1750041334;347.87518;-21.487919;-9.264697;348.6613088503206;
1750041345;347.87366;-21.491804;-9.256521;348.65980872740477;
1750041356;347.81308;-21.495174;-9.254306;348.59951692881316;
1750041364;347.81073;-21.501667;-9.256637;348.59763466754697;
1750041374;347.76447;-21.511318;-9.26536;348.55230174587297;
1750041385;347.729;-21.531809;-9.30138;348.51914527462503;
1750041394;347.729;-21.531809;-9.30138;348.51914527462503;
1750041405;347.68533;-21.545181;-9.331318;348.47720052888684;
1750041415;347.67538;-21.546482;-9.33873;348.46755339316786;
1750041425;347.6427;-21.54277;-9.3358135;348.4346357196779;
1750041432;347.6427;-21.54277;-9.3358135;348.4346357196779;
1750041444;347.59393;-21.515684;-9.307966;348.3835605056563;
1750041464;347.57782;-21.493338;-9.290872;348.3656479788866;
1750041471;347.55167;-21.468395;-9.278599;348.33768832735694;
1750041478;347.5376;-21.442593;-9.273445;348.32192487345543;
1750041480;347.5219;-21.421164;-9.272125;348.3049204526718;
1750041490;347.50665;-21.402678;-9.275129;348.28863948182743;
1750041501;347.49127;-21.38419;-9.280837;348.2723095492717;
1750041509;347.47635;-21.365555;-9.286766;348.256434233293;
1750041521;347.4667;-21.34914;-9.288253;348.24584525021095;
1750041530;347.45142;-21.32937;-9.281563;348.2292003052563;
1750041541;347.43796;-21.307785;-9.269105;348.2141187613858;
1750041549;347.42035;-21.287245;-9.253091;348.194867085795;
1750041564;347.3983;-21.26732;-9.229002;348.17099500773304;
1750041573;347.37854;-21.247011;-9.198762;348.1492536042291;
1750041586;347.34555;-21.229105;-9.16109;348.11425128102843;
1750041595;347.33093;-21.21324;-9.1198;348.09761423343923;
1750041603;347.28946;-21.205454;-9.0805435;348.0547313796563;
1750041614;347.28482;-21.205708;-9.05117;348.0493532625008;
1750041624;347.24695;-21.213482;-9.037984;348.0116952500865;
1750041633;347.25717;-21.229704;-9.038102;348.02288842453277;
1750041644;347.23383;-21.252335;-9.046043;348.0011815004553;
1750041655;347.2517;-21.274073;-9.059223;348.0206963444822;
1750041664;347.23752;-21.293455;-9.075732;348.0081525900109;
1750041674;347.25726;-21.309292;-9.09288;348.02927064212287;
1750041685;347.24954;-21.320646;-9.10571;348.022597680863;
1750041694;347.2686;-21.325705;-9.114607;348.04214113251027;
1750041704;347.26758;-21.328243;-9.117382;348.0413645425085;
1750041716;347.2815;-21.330462;-9.120053;348.05545554189064;
1750041724;347.29294;-21.33727;-9.123752;348.0673884646392;
1750041730;347.2978;-21.345226;-9.126743;348.0727961706027;
1750041741;347.3328;-21.351366;-9.129799;348.10817855821136;
1750041749;347.33298;-21.35807;-9.136915;348.1089592442772;
1750041760;347.38464;-21.361149;-9.140297;348.16078797764436;
1750041770;347.37546;-21.358582;-9.139468;348.15144339913354;
1750041780;347.43527;-21.344732;-9.137434;348.2102219591893;
1750041789;347.42117;-21.316235;-9.136245;348.19437723892054;
1750041800;347.48907;-21.280483;-9.132996;348.25985645298704;
1750041809;347.47266;-21.233498;-9.130071;348.24052959604086;
1750041819;347.55194;-21.191324;-9.148052;348.3175429374424;
1750041831;347.55328;-21.21861;-9.274081;348.3238766293201;
1750041839;347.6586;-21.307167;-9.492784;348.44025364386437;
1750041848;347.6518;-21.392729;-9.697998;348.44435737254;
1750041859;347.7279;-21.431034;-9.824836;348.52620091750646;
1750041869;347.71005;-21.414938;-9.823337;348.5073573299874;
1750041879;347.7601;-21.32818;-9.675738;348.54784356920766;
1750041889;347.72037;-21.188972;-9.42076;348.4927218797484;
1750041900;347.74265;-21.05732;-9.140822;348.49951603952877;
1750041909;347.7236;-20.989866;-8.915727;348.4706131947679;
1750041920;347.79993;-20.98731;-8.786471;348.543337807578;
1750041928;347.81497;-21.04957;-8.766598;348.5616047862275;
1750041939;347.91772;-21.15826;-8.830201;348.6723211419895;
1750041957;347.95117;-21.266113;-8.93276;348.7148688954314;
1750041959;348.10056;-21.360243;-9.032257;348.8722378263388;
1750041968;348.1408;-21.415598;-9.093956;348.91739729917174;
1750041980;348.2684;-21.44409;-9.112953;349.0469521539705;
1750041989;348.3099;-21.443396;-9.094325;349.08783505830576;
1750042000;348.40994;-21.43628;-9.061009;349.18634578529117;
1750042010;348.44962;-21.434214;-9.024802;349.2248660910481;
1750042020;348.5308;-21.44414;-8.998747;349.3057996944954;
1750042029;348.5636;-21.467825;-8.994944;349.3398900927868;
1750042040;348.62332;-21.502542;-9.009749;349.40199661006574;
1750042049;348.64438;-21.540121;-9.038906;349.42607431644564;
1750042060;348.68338;-21.568525;-9.069629;349.4675364408396;
1750042069;348.69574;-21.583122;-9.086711;349.48121322727;
1750042079;348.73486;-21.580791;-9.089595;349.52017990780394;
1750042088;348.73746;-21.56737;-9.081653;349.5217331541372;
1750042100;348.774;-21.550684;-9.066489;349.55675803277046;
1750042109;348.76813;-21.533724;-9.052779;349.54951121725884;
1750042121;348.81134;-21.524948;-9.043059;349.59183551420716;
1750042129;348.80194;-21.522303;-9.039299;349.5821969510876;
1750042140;348.85913;-21.522652;-9.035455;349.6391813877684;
1750042149;348.85223;-21.521845;-9.031534;349.63214884219934;
1750042160;348.9166;-21.519857;-9.023056;349.6960256989134;
1750042169;348.90915;-21.515928;-9.009232;349.6879977882653;
1750042180;348.9701;-21.5108;-8.993385;349.7480823691447;
1750042190;348.9663;-21.50618;-8.983943;349.7437798376367;
1750042200;349.02704;-21.503258;-8.981715;349.80413799409365;
1750042209;349.03052;-21.503094;-8.982248;349.8076128745603;
1750042220;349.0833;-21.502893;-8.981897;349.8602696986114;
1750042228;349.0904;-21.505646;-8.986545;349.86762255812886;
1750042240;349.13803;-21.512405;-8.995141;349.91579107363407;
1750042251;349.14914;-21.520164;-9.0033455;349.9275628704178;
1750042265;349.18576;-21.527292;-9.00777;349.96465472840947;
1750042266;349.18576;-21.527292;-9.00777;349.96465472840947;
