1750043969;351.19598;-21.852497;-10.165367;352.0219956430536;
1750043979;350.83035;-21.614614;-9.781345;351.63162928068937;
1750043989;350.78778;-21.351345;-9.309548;351.56025764966853;
1750043999;350.3878;-21.100473;-8.819967;351.1333407479685;
1750044008;350.3415;-20.900482;-8.387943;351.06459313573583;
1750044022;350.06488;-20.76948;-8.08298;350.7736112175218;
1750044028;350.03122;-20.714529;-7.924704;350.7331567734507;
1750044039;349.89703;-20.735073;-7.90129;350.5999255915354;
1750044049;349.8979;-20.803904;-7.979583;350.60662900313247;
1750044067;349.92102;-20.95312;-8.263031;350.64516463528895;
1750044069;349.92102;-20.95312;-8.263031;350.64516463528895;
1750044071;349.92102;-20.95312;-8.263031;350.64516463528895;
1750044079;350.0141;-20.99831;-8.400712;350.7440242862005;
1750044090;350.0234;-21.00672;-8.511062;350.75647659623627;
1750044104;350.15735;-20.978994;-8.663691;350.8922149899564;
1750044105;350.15735;-20.978994;-8.663691;350.8922149899564;
1750044109;350.15735;-20.978994;-8.663691;350.8922149899564;
1750044119;350.31876;-20.96038;-8.726777;351.0537353013611;
1750044133;350.32227;-20.941269;-8.783557;351.0575129649507;
1750044139;350.4708;-20.9302;-8.823149;351.20606368867425;
1750044148;350.46747;-20.918428;-8.837678;351.2024081765835;
1750044159;350.59845;-20.91051;-8.83937;351.3326867602717;
1750044171;350.7388;-20.932076;-8.853069;351.4743724378444;
1750044185;350.73672;-20.975567;-8.893494;351.4759149580263;
1750044189;350.73672;-20.975567;-8.893494;351.4759149580263;
1750044202;350.95764;-21.113539;-9.048619;351.7085799741638;
1750044208;350.95764;-21.113539;-9.048619;351.7085799741638;
1750044220;351.18646;-21.253029;-9.218237;351.9497101899342;
1750044229;351.39075;-21.292757;-9.278487;352.157534284838;
1750044240;351.39224;-21.313103;-9.324823;352.1614810280104;
1750044249;351.62167;-21.324984;-9.357854;352.3920057107177;
1750044259;351.62427;-21.331474;-9.389006;352.39581548756513;
1750044269;351.8602;-21.347147;-9.430092;352.6332754284881;
1750044279;351.86374;-21.378136;-9.493697;352.64039162264334;
1750044289;352.1691;-21.424376;-9.580169;352.95021889181584;
1750044299;352.17688;-21.482637;-9.685149;352.96438991599655;
1750044308;352.47092;-21.550144;-9.803882;353.26515815088675;
1750044319;352.47815;-21.61858;-9.921792;353.27984766585996;
1750044328;352.7789;-21.679348;-10.031855;353.5867427170124;
1750044339;352.78696;-21.731298;-10.126651;353.6006720411034;
1750044350;353.0489;-21.774834;-10.201572;353.8668303172553;
1750044359;353.05365;-21.808428;-10.261192;353.8753725548083;
1750044368;353.2844;-21.83638;-10.312815;354.10880276521465;
1750044379;353.29007;-21.870949;-10.366064;354.11815393915447;
1750044388;353.48752;-21.916996;-10.429206;354.3198394822096;
1750044399;353.49207;-21.967886;-10.514983;354.3300625222207;
1750044409;353.6417;-22.027885;-10.638914;354.48675763650044;
1750044422;353.64645;-22.101091;-10.810669;354.50125970069263;
1750044429;353.7754;-22.192177;-11.027497;354.6422499087578;
1750044439;353.79242;-22.294847;-11.264736;354.6731319881893;
1750044450;353.89224;-22.402332;-11.505268;354.78719669686717;
1750044459;353.92627;-22.485445;-11.736151;354.8339565718022;
1750044469;353.97348;-22.54539;-11.941571;354.89170235294193;
1750044494;354.0295;-22.59099;-12.098524;354.9558020668443;
1750044496;353.96692;-22.626966;-12.1928625;354.8988943569249;
1750044499;354.01303;-22.641466;-12.228592;354.9470391076368;
1750044508;353.89932;-22.644903;-12.21677;354.83344203509927;
1750044518;353.92657;-22.643963;-12.170868;354.85898518113623;
1750044529;353.74396;-22.651144;-12.095498;354.67472828109527;
1750044538;353.78006;-22.663584;-12.0112505;354.7086676265972;
1750044548;353.51584;-22.674599;-11.92849;354.4430482453418;
1750044558;353.55365;-22.703146;-11.828261;354.47922924180136;
1750044568;353.22693;-22.747269;-11.697756;354.15185851536756;
1750044578;353.2853;-22.807842;-11.557352;354.20937239967924;
1750044588;352.85388;-22.891575;-11.455986;353.78118341992314;
1750044599;352.87466;-22.980268;-11.451912;353.8075292240548;
1750044608;352.38104;-23.082481;-11.556803;353.32528884339905;
1750044619;352.39655;-23.21978;-11.750615;353.3561381304754;
1750044628;351.86642;-23.386608;-11.998462;352.8468184018164;
1750044638;351.89587;-23.526522;-12.262263;352.89455433372405;
1750044649;351.2897;-23.616266;-12.476397;352.3036250110657;
1750044668;351.32324;-23.644363;-12.5966215;352.34322938781736;
1750044671;350.72214;-23.604448;-12.606101;351.7415264964747;
1750044679;350.72562;-23.510946;-12.511922;351.7353704444312;
1750044692;350.01514;-23.389215;-12.347757;351.0129889958946;
1750044699;350.00552;-23.257566;-12.149952;350.98775240305497;
1750044710;349.2395;-23.149694;-11.959974;350.21019268755094;
1750044721;349.25314;-23.0634;-11.7899065;350.21233621842254;
1750044729;348.45837;-22.994385;-11.614395;349.40932204552405;
1750044740;348.47357;-22.925238;-11.398184;349.4128150816475;
1750044750;347.72534;-22.838718;-11.122867;348.65203075364786;
1750044759;347.75018;-22.72604;-10.773742;348.65848082257133;
1750044770;346.2947;-22.579098;-10.386459;347.1854247462752;
1750044779;346.3231;-22.41443;-10.00765;347.1919384948282;
1750044788;344.70703;-22.259212;-9.679168;345.5605536260195;
1750044798;344.72632;-22.132837;-9.432203;345.5648470480139;
1750044808;343.63043;-22.05289;-9.284372;344.46248481700263;
1750044818;343.64667;-22.024734;-9.243643;344.4757842467912;
1750044829;342.93457;-22.022963;-9.288987;343.76651331716505;
1750044838;342.9438;-22.044432;-9.403312;343.7801914332348;
1750044848;342.56415;-22.089157;-9.574506;343.409081829805;
1750044859;342.57935;-22.15256;-9.789663;343.4343918317881;
1750044868;342.35464;-22.227816;-10.027484;343.22198213553867;
1750044880;342.36102;-22.308554;-10.275301;343.2409116248384;
1750044892;342.24966;-22.384974;-10.512331;343.1419951871366;
1750044898;342.23993;-22.447464;-10.705789;343.14234901516886;
1750044910;342.2307;-22.482801;-10.840878;343.139711825639;
1750044918;342.20605;-22.488966;-10.90669;343.117608605254;
1750044928;342.2339;-22.465233;-10.91038;343.14392943087734;
1750044938;342.19653;-22.415775;-10.852957;343.10161904192114;
1750044949;342.3232;-22.350002;-10.746751;343.2203322994675;
1750044958;342.2746;-22.27462;-10.605333;343.16254408100025;
1750044968;342.4351;-22.198334;-10.442426;343.31268623604285;
1750044978;342.38812;-22.127285;-10.28049;343.25636437487856;
1750044988;342.6212;-22.070518;-10.141519;343.4810545054823;
1750044999;342.585;-22.030771;-10.033824;343.4392360750125;
1750045009;342.84924;-22.018604;-9.975443;343.7003519540318;
1750045019;342.8264;-22.025162;-9.955282;343.67738649404134;
1750045028;343.09027;-22.04019;-9.958042;343.94166165127405;
1750045039;343.0639;-22.055044;-9.965661;343.9165327082417;
1750045048;343.344;-22.053785;-9.966155;344.19586285439726;
1750045059;343.62384;-21.993734;-9.939438;344.47040572553755;
1750045069;343.60825;-21.948492;-9.919173;344.45137961242114;
1750045079;343.89432;-21.901535;-9.899735;344.7332065452295;
1750045100;343.89432;-21.901535;-9.899735;344.7332065452295;
1750045102;344.179;-21.824476;-9.898522;345.01226446921555;
1750045108;344.179;-21.824476;-9.898522;345.01226446921555;
1750045124;344.43054;-21.792225;-9.935509;345.26223896643114;
1750045133;344.4097;-21.771753;-9.944157;345.2404030600996;
1750045140;344.65936;-21.748251;-9.945074;345.48801322074263;
1750045151;344.64798;-21.72784;-9.943852;345.4753380298626;
1750045166;344.92572;-21.71493;-9.939829;345.751487097946;
1750045172;344.91217;-21.711628;-9.935717;345.73764410410877;
1750045187;345.19916;-21.712622;-9.933199;346.02393684339256;
1750045189;345.1901;-21.721441;-9.9369135;346.0155549280934;
1750045200;345.49326;-21.74015;-9.944522;346.3193863086118;
1750045210;345.4874;-21.768085;-9.957534;346.31566956522795;
1750045228;345.81583;-21.801895;-9.97809;346.64603086912433;
1750045234;345.81366;-21.837288;-10.00002;346.6467290433425;
1750045245;346.1569;-21.874851;-10.019666;346.9920689489705;
1750045251;346.1573;-21.90974;-10.038882;346.9952213509662;
1750045262;346.52136;-21.936605;-10.059062;347.3606971445111;
1750045269;346.52716;-21.957531;-10.084058;347.36852829922196;
1750045280;346.89862;-21.975275;-10.1072645;347.7408841178989;
1750045289;346.89944;-21.987038;-10.125813;347.74298922390165;
1750045304;347.2776;-21.997879;-10.142816;348.1213961263602;
1750045310;347.2765;-22.01356;-10.169017;348.1220557355757;
1750045323;347.66525;-22.03605;-10.200673;348.51222244187153;
1750045328;347.6578;-22.057922;-10.22747;348.50696325631844;
1750045339;348.0485;-22.0696;-10.244333;348.89793157131254;
1750045351;348.03693;-22.073168;-10.252922;348.88687162838266;
1750045359;348.4174;-22.069046;-10.257217;349.26627406643274;
1750045369;348.4056;-22.065311;-10.267744;349.2545962626717;
1750045379;348.7859;-22.065008;-10.28377;349.6344042556794;
1750045388;348.76712;-22.065556;-10.305215;349.61634750340085;
1750045401;349.11005;-22.062233;-10.323801;349.95877968660676;
1750045408;349.0888;-22.052048;-10.331899;349.9371879644371;
1750045420;349.39474;-22.038465;-10.328065;350.24141764139193;
1750045440;349.37756;-22.018337;-10.315305;350.2226356880377;
1750045441;349.69672;-21.99203;-10.295085;350.53877320362943;
1750045451;349.68204;-21.965336;-10.2684;350.52167303754436;
1750045459;349.9687;-21.934874;-10.236704;350.80480618281155;
1750045468;349.95276;-21.90688;-10.206975;350.78629831925787;
1750045479;350.22614;-21.883543;-10.189397;351.0570595759189;
1750045489;350.2112;-21.868713;-10.185632;351.0411383874465;
1750045500;350.48358;-21.859833;-10.196137;351.3126163947133;
1750045508;350.47568;-21.850039;-10.212261;351.3045900280115;
1750045519;350.71844;-21.842491;-10.226025;351.54671601259224;
1750045527;350.71667;-21.8377;-10.240388;351.54507060579067;
1750045540;350.92538;-21.828175;-10.2525;351.7530503850328;
1750045551;350.91937;-21.813232;-10.261401;351.7463851977899;
1750045558;351.10205;-21.79935;-10.266379;351.9279191830479;
1750045568;351.09375;-21.78516;-10.265464;351.9187324308445;
1750045578;351.24146;-21.767984;-10.261917;352.06492562121684;
1750045587;351.2342;-21.753622;-10.25895;352.0567052169453;
1750045600;351.35736;-21.743074;-10.261327;352.1790043840441;
1750045609;351.35422;-21.734453;-10.267429;352.17551410777844;
1750045619;351.4552;-21.73106;-10.271787;352.27617903581125;
1750045628;351.44855;-21.729963;-10.270124;352.2694255890121;
1750045639;351.52222;-21.722897;-10.262944;352.34227841905545;
1750045648;351.51913;-21.711264;-10.251858;352.33816354715526;
1750045659;351.55685;-21.70208;-10.240567;352.37490156363566;
1750045670;351.55707;-21.697372;-10.235161;352.3746677301557;
1750045679;351.577;-21.700275;-10.23826;352.3948182611783;
1750045688;351.5791;-21.70404;-10.243669;352.3973081284771;
1750045699;351.58673;-21.712242;-10.254375;352.4057364164762;
1750045708;351.58936;-21.723131;-10.267309;352.40940246418734;
1750045719;351.58594;-21.734543;-10.277679;352.40699836304117;
1750045728;351.58737;-21.745352;-10.282615;352.40924011353314;
1750045739;351.5636;-21.754572;-10.285054;352.38616264388384;
1750045748;351.5625;-21.761189;-10.287239;352.3855388906742;
1750045759;351.52902;-21.765768;-10.291984;352.3525607201791;
1750045770;351.52304;-21.768597;-10.292018;352.3467690025189;
1750045779;351.47607;-21.77245;-10.297815;352.3003197636802;
1750045789;351.46988;-21.776;-10.304282;352.2945476683837;
1750045798;351.41342;-21.775774;-10.312292;352.23844282535754;
1750045808;351.40598;-21.772081;-10.320171;352.23101647944895;
1750045820;351.3349;-21.768785;-10.328927;352.1601605013258;
1750045827;351.32666;-21.759586;-10.331527;352.1514477878769;
1750045839;351.24304;-21.75098;-10.332567;352.06752426281327;
1750045848;351.22992;-21.743877;-10.332027;352.0539778231633;
1750045859;351.15457;-21.73875;-10.334562;351.97856406051034;
1750045874;351.13858;-21.73353;-10.337401;351.9623712649313;
1750045894;351.06116;-21.72477;-10.339885;351.88466142175014;
1750045897;351.05032;-21.722557;-10.339056;351.8736920895112;
1750045907;350.94614;-21.709108;-10.332352;351.76872172388545;
1750045911;350.94614;-21.709108;-10.332352;351.76872172388545;
1750045923;350.94937;-21.68749;-10.319826;351.7702478839383;
1750045927;350.85315;-21.661242;-10.317843;351.6725746083157;
1750045934;350.85315;-21.661242;-10.317843;351.6725746083157;
1750045943;350.73898;-21.659683;-10.3383665;351.55918136736415;
1750045949;350.78976;-21.673105;-10.367583;351.61153150106054;
1750045960;350.76712;-21.819542;-10.54314;351.6032180546671;
1750045971;350.64502;-21.906847;-10.7202635;351.4921958118879;
1750045979;350.6835;-21.957615;-10.874186;351.53848079124725;
1750045989;350.6835;-21.957615;-10.874186;351.53848079124725;
1750045999;350.57986;-21.92878;-10.948887;351.43561414968246;
1750046009;350.57986;-21.92878;-10.948887;351.43561414968246;
1750046022;350.35843;-21.842611;-10.692916;351.20146192695665;
1750046030;350.14325;-21.821325;-10.548492;350.98110506001206;
1750046041;350.12936;-21.84246;-10.437099;350.9652371334857;
1750046048;349.9499;-21.90291;-10.376571;350.7881644281655;
1750046059;349.9528;-21.98062;-10.363006;350.79551630530295;
1750046068;349.73154;-22.060194;-10.385156;350.5804493929638;
1750046081;349.75272;-22.134508;-10.421781;350.60734783420713;
1750046092;349.5229;-22.193449;-10.453746;350.3827611994491;
1750046100;349.56345;-22.238382;-10.475296;350.42671171957636;
1750046110;349.3736;-22.276337;-10.491511;350.2402271319614;
1750046122;349.4199;-22.306044;-10.498807;350.2885168056082;
1750046129;349.2689;-22.33698;-10.500246;350.13990584776894;
1750046143;349.3014;-22.367771;-10.498082;350.17422676434364;
1750046150;349.12787;-22.39378;-10.499028;350.00282803813906;
1750046159;349.1557;-22.415743;-10.52132;350.0326656616658;
1750046168;348.97067;-22.422197;-10.546292;349.849266906619;
1750046180;348.9578;-22.409939;-10.559412;349.83603111311686;
1750046190;348.76712;-22.3832;-10.55928;349.64411946441464;
1750046199;348.742;-22.345266;-10.547288;349.61627799621596;
1750046210;348.55206;-22.308914;-10.534097;349.4240911258724;
1750046219;348.52563;-22.274569;-10.524659;349.39525317837683;
1750046231;348.34256;-22.242287;-10.515666;349.21030558465424;
1750046241;348.30325;-22.212503;-10.502114;349.1687928279507;
1750046250;348.13315;-22.186474;-10.484816;348.9969338703026;
1750046265;348.09448;-22.155117;-10.464599;348.9557647158284;
1750046266;348.09448;-22.155117;-10.464599;348.9557647158284;
1750046269;347.91327;-22.11508;-10.446418;348.7719128302676;
1750046281;347.8855;-22.066534;-10.439204;348.74091910848125;
1750046290;347.715;-22.013;-10.439912;348.56747213133974;
1750046299;347.6981;-21.9636;-10.445247;348.54765014514015;
1750046309;347.5694;-21.915026;-10.450577;348.4163724897748;
1750046319;347.56604;-21.878323;-10.45803;348.41094066414144;
1750046332;347.41803;-21.92146;-10.525727;348.26804149645204;
1750046341;347.44363;-21.986746;-10.716305;348.3035099029297;
1750046349;347.2939;-22.038559;-10.9551525;348.1648699986351;
1750046360;347.2732;-22.060259;-11.09956;348.15014874996325;
1750046368;347.11948;-22.059631;-11.155556;347.9985698221507;
1750046380;347.10947;-22.03114;-11.139756;347.9862742133463;
1750046395;346.90338;-21.987244;-11.037562;347.77467224762535;
1750046396;346.90338;-21.987244;-11.037562;347.77467224762535;
1750046400;346.88446;-21.94425;-10.874824;347.747955855358;
1750046409;346.69217;-21.909777;-10.70716;347.5487617111741;
1750046419;346.68906;-21.886768;-10.549007;347.5393704473756;
1750046431;346.50363;-21.873512;-10.417734;347.349602605191;
1750046441;346.51947;-21.876747;-10.336646;347.3631839375158;
1750046450;346.38278;-21.89611;-10.317987;347.2274934035063;
1750046461;346.41248;-21.926119;-10.353019;347.2600508651868;
1750046470;346.31116;-21.95945;-10.422867;347.16317662806847;
1750046481;346.351;-21.99;-10.498244;347.2071392646117;
1750046490;346.2749;-22.021988;-10.558005;347.135056457158;
1750046505;346.31705;-22.045078;-10.588926;347.1795039487456;
1750046511;346.26764;-22.07678;-10.595783;347.13244270904056;
1750046530;346.29938;-22.10316;-10.570779;347.16501825738965;
1750046532;346.27933;-22.141861;-10.538078;347.14649023249655;
1750046546;346.30237;-22.180754;-10.5079;347.1710414169078;
1750046548;346.25824;-22.220694;-10.496588;347.12923554501884;
1750046560;346.25797;-22.251648;-10.5012245;347.1310846634691;
1750046570;346.23135;-22.261637;-10.509321;347.10542581289343;
1750046581;346.21606;-22.25707;-10.51747;347.0901290115635;
1750046589;346.2118;-22.237267;-10.525459;347.08484010525746;
1750046600;346.1971;-22.204039;-10.523388;347.0680078880064;
1750046610;346.18234;-22.171137;-10.515703;347.0509380514338;
1750046620;346.17007;-22.14207;-10.506454;347.03656484169215;
1750046631;346.14755;-22.11716;-10.495751;347.01218666461165;
1750046640;346.12958;-22.104465;-10.480317;346.9929811338861;
1750046651;346.11047;-22.099108;-10.4643345;346.97310100007894;
1750046664;346.09525;-22.098532;-10.455855;346.9576182728096;
1750046669;346.09006;-22.098934;-10.454382;346.9524244127603;
1750046685;346.07675;-22.09444;-10.455923;346.93891205824076;
1750046696;346.08313;-22.075222;-10.456457;346.94406712378316;
1750046700;346.07214;-22.047747;-10.45756;346.9313941253107;
1750046711;346.08792;-22.010485;-10.458279;346.94478838824773;
1750046720;346.07855;-21.962072;-10.459578;346.93241374997945;
1750046731;346.09283;-21.910257;-10.46616;346.9435832399686;
1750046739;346.0854;-21.853273;-10.470695;346.93269796361454;
1750046751;346.09772;-21.818218;-10.47445;346.94290403741684;
1750046759;346.11902;-21.86808;-10.54586;346.9694555771447;
1750046768;346.1321;-21.94468;-10.731905;346.99305571991897;
1750046779;346.1253;-22.006628;-10.958041;346.9972582417769;
1750046788;346.09348;-22.00726;-11.119168;346.9706746143921;
1750046799;346.0733;-21.961565;-11.18009;346.94961587061874;
1750046811;346.09326;-21.916395;-11.132894;346.9651502733414;
1750046820;346.03818;-21.78625;-10.862956;346.8934486947516;
1750046830;346.03818;-21.78625;-10.862956;346.8934486947516;
1750046840;346.00946;-21.751656;-10.557;346.8531843491608;
1750046848;346.00946;-21.751656;-10.557;346.8531843491608;
1750046861;345.97482;-21.792439;-10.36412;346.8153737916489;
1750046870;345.9919;-21.830402;-10.352703;346.8344687038912;
1750046879;345.9772;-21.877205;-10.392217;346.82392580778657;
1750046889;345.99338;-21.910908;-10.452931;346.84401256965407;
1750046901;346.01236;-21.931002;-10.504833;346.86578580795094;
1750046909;346.0386;-21.960373;-10.542928;346.89498017733604;
1750046920;346.0316;-21.984453;-10.565789;346.890199316613;
1750046932;346.05545;-22.007084;-10.567641;346.9154962841547;
1750046940;346.0659;-22.037432;-10.552714;346.9273794818623;
1750046949;346.07642;-22.071516;-10.533186;346.9394551630513;
1750046964;346.05368;-22.091143;-10.513042;346.9174143474291;
1750046970;346.06052;-22.10769;-10.500475;346.9249067857751;
1750046980;346.0487;-22.11433;-10.49537;346.913394604401;
1750046989;346.04022;-22.109892;-10.499579;346.90477633741096;
1750047000;346.05573;-22.09569;-10.513696;346.91976331287424;
1750047008;346.03812;-22.075;-10.5333605;346.90147791770823;
1750047020;346.0274;-22.046022;-10.551309;346.8894954888742;
1750047033;346.00446;-22.006012;-10.556198;346.86421140421396;
1750047040;345.98563;-21.960806;-10.549653;346.8423643765916;
1750047053;345.9667;-21.908134;-10.539088;346.81983785274605;
1750047059;345.98395;-21.851078;-10.527746;346.8330940880137;
1750047068;345.96463;-21.798927;-10.510098;346.81000663216724;
1750047080;345.98218;-21.769773;-10.493469;346.82517677352746;
1750047088;345.99188;-21.82589;-10.542595;346.8398742906687;
1750047099;346.02658;-21.902632;-10.70757;346.88437837753474;
1750047109;346.02576;-21.957747;-10.909594;346.8933355624194;
1750047119;346.0376;-21.946388;-11.033751;346.90835475603717;
1750047129;346.0066;-21.864477;-11.068064;346.87334715011974;
1750047139;346.0502;-21.77642;-10.970164;346.9081995264265;
1750047148;346.03687;-21.683512;-10.79714;346.88364766468067;
1750047159;346.02066;-21.592354;-10.588754;346.8553716931162;
1750047169;346.00113;-21.547457;-10.379529;346.82677071935035;
1750047181;345.99353;-21.571985;-10.222635;346.81605471823565;
1750047188;346.00354;-21.641153;-10.146856;346.82812447982315;
1750047200;346.015;-21.72255;-10.135905;346.84433985841963;
1750047208;346.03665;-21.810907;-10.169486;346.87245261746057;
1750047220;346.05643;-21.884516;-10.217536;346.8982282181058;
1750047231;346.076;-21.934038;-10.245993;346.921709321441;
1750047240;346.1149;-21.959045;-10.245372;346.96208785460675;
1750047250;346.15338;-21.970236;-10.226196;347.00061926622874;
1750047260;346.18445;-21.97841;-10.182333;347.0308381797392;
1750047270;346.2307;-22.00076;-10.1322;347.0769387794894;
1750047280;346.28323;-22.04331;-10.09875;347.1310562005113;
1750047290;346.3129;-22.08379;-10.079846;347.1626701081746;
1750047300;346.31528;-22.1203;-10.077399;347.16729801833543;
1750047309;346.32547;-22.150436;-10.088519;347.1797102377345;
1750047320;346.3263;-22.164162;-10.11042;347.18204524159097;
1750047329;346.32092;-22.152977;-10.13779;347.1767716521368;
1750047341;346.3024;-22.117624;-10.153053;347.156485072015;
1750047350;346.27075;-22.061514;-10.14946;347.1212404748472;
1750047359;346.23758;-21.987011;-10.127199;347.08277134572967;
1750047369;346.19315;-21.903738;-10.093204;347.03218966366217;
1750047380;346.15552;-21.820541;-10.051525;346.9882008557826;
1750047389;346.11255;-21.746597;-10.001774;346.93925466834594;
1750047401;346.06577;-21.688795;-9.952298;346.887540911801;
1750047410;346.03192;-21.641481;-9.889587;346.84902807235795;
1750047420;346.00977;-21.5878;-9.816885;346.8215134729207;
1750047429;345.99008;-21.535887;-9.741285;346.7965163515207;
1750047440;345.9578;-21.493984;-9.677753;346.75992506342914;
1750047455;345.95038;-21.467087;-9.632297;346.7495944913747;
1750047459;345.94205;-21.462688;-9.609647;346.74038165734356;
1750047469;345.95;-21.478132;-9.611192;346.7493274943031;
1750047480;345.96072;-21.50822;-9.632271;346.7624643224548;
1750047489;345.98685;-21.551924;-9.659635;346.79200135255775;
1750047499;346.04395;-21.60013;-9.685907;346.85269857451897;
1750047510;346.07675;-21.650692;-9.716611;346.8894392518539;
1750047520;346.1335;-21.690723;-9.743157;346.94931386613365;
1750047529;346.15335;-21.718208;-9.755822;346.97117881699984;
1750047540;346.17517;-21.730377;-9.761811;346.99387775392177;
1750047549;346.18628;-21.734133;-9.77;347.0054256196583;
1750047560;346.23303;-21.734182;-9.784483;347.05247930864346;
1750047569;346.23404;-21.729914;-9.801918;347.05370869876367;
1750047580;346.3039;-21.720846;-9.814386;347.12318327606414;
1750047591;346.29547;-21.709272;-9.821935;347.11426976775243;
1750047600;346.3712;-21.698187;-9.820337;347.1890671467855;
1750047609;346.354;-21.685879;-9.811632;347.1709110579127;
1750047620;346.4302;-21.674377;-9.800905;347.24591317537886;
1750047629;346.41122;-21.66752;-9.793722;347.2263452064704;
1750047640;346.49976;-21.66468;-9.790204;347.3143925699783;
1750047650;346.47784;-21.661186;-9.789288;347.2922885516766;
1750047660;346.53455;-21.654497;-9.788391;347.34841492123616;
1750047669;346.5102;-21.634953;-9.78665;347.32285189377126;
1750047681;346.53934;-21.552141;-9.769022;347.3462836687655;
1750047690;346.53934;-21.552141;-9.769022;347.3462836687655;
1750047703;346.56882;-21.422235;-9.749275;347.3671048808618;
1750047705;346.56882;-21.422235;-9.749275;347.3671048808618;
1750047713;346.65817;-21.35026;-9.740346;347.4515744208815;
1750047721;346.65314;-21.308884;-9.749149;347.4442573581017;
1750047729;346.65314;-21.308884;-9.749149;347.4442573581017;
1750047740;346.8093;-21.503792;-10.165406;347.6239866553516;
1750047749;346.92194;-21.654612;-10.460452;347.7544722402586;
1750047759;346.89697;-21.731956;-10.624045;347.73935341095665;
1750047770;346.96042;-21.718895;-10.628854;347.8019768152103;
1750047779;346.9521;-21.619274;-10.459041;347.7823105022807;
1750047789;347.07062;-21.466316;-10.171004;347.88254586054813;
1750047799;347.0473;-21.3128;-9.849602;347.8405957782871;
1750047808;347.1408;-21.221655;-9.590282;347.92107266699753;
1750047819;347.1525;-21.22002;-9.44873;347.9287620798057;
1750047829;347.24362;-21.300255;-9.432253;348.0241387445649;
1750047839;347.28705;-21.426647;-9.521772;348.0776627472542;
1750047848;347.3778;-21.567947;-9.672546;348.1810961741682;
1750047860;347.42618;-21.689686;-9.812994;348.2408454893032;
1750047869;347.48807;-21.768332;-9.90475;348.3100938396811;
1750047880;347.5267;-21.796383;-9.938973;348.35136674874724;
1750047890;347.55344;-21.787075;-9.918734;348.376877798497;
1750047899;347.5755;-21.758535;-9.862914;348.3955216073263;
1750047909;347.56015;-21.73752;-9.799576;348.37710808984156;
1750047921;347.5671;-21.733519;-9.754994;348.38254895601915;
1750047929;347.54126;-21.748901;-9.740385;348.3573123262773;
1750047940;347.5318;-21.771133;-9.755094;348.34967437513444;
1750047951;347.55725;-21.788204;-9.7838955;348.37694119926385;
1750047959;347.53967;-21.788578;-9.807416;348.3600891984423;
1750047969;347.52792;-21.764671;-9.817498;348.34715709986347;
1750047980;347.51465;-21.719183;-9.812686;348.3309383234853;
1750047989;347.52164;-21.666039;-9.794158;348.3340794593543;
1750048000;347.51532;-21.615105;-9.7676735;348.32386898992104;
1750048010;347.51114;-21.589014;-9.761584;348.317908994348;
1750048020;347.51187;-21.587017;-9.774687;348.3188833936246;
1750048029;347.52222;-21.599709;-9.796673;348.33060930031644;
1750048040;347.51947;-21.619463;-9.8169775;348.3296662712453;
1750048050;347.52353;-21.636648;-9.82807;348.3350954805157;
1750048060;347.52252;-21.642805;-9.828552;348.33448685145135;
1750048070;347.50766;-21.638807;-9.821313;348.31920685770626;
1750048080;347.50204;-21.631355;-9.803272;348.3126336116088;
1750048089;347.48923;-21.627056;-9.778917;348.2988944374151;
1750048100;347.4869;-21.626465;-9.75936;348.2959952371843;
1750048110;347.48453;-21.630564;-9.752412;348.29368030048687;
1750048120;347.4898;-21.641504;-9.7592945;348.29981997648315;
1750048132;347.50195;-21.65923;-9.770057;348.3133411843882;
1750048140;347.5134;-21.674683;-9.778982;348.3259703264301;
1750048151;347.51727;-21.683128;-9.79106;348.33070194585986;
1750048160;347.5365;-21.687965;-9.805295;348.35058462159947;
1750048176;347.54272;-21.692982;-9.819271;348.3575016696261;
1750048179;347.561;-21.695997;-9.8253355;348.3760977153;
